0.0916836,-0.178871,-0.0482759,0.0975897
-0.19511,-0.0192619,-0.230658,-0.493477
0.0300568,-0.0343979,-0.00763511,0.0311811
0.125732,0.168551,0.123332,-0.0943964
-0.14612,0.157,-0.0279382,0.534798
0.0285966,0.0447639,0.0307296,-0.0193676
0.13266,0.391898,-0.0530997,0.0270452
-0.0254589,0.141125,0.0102961,-0.0210983
0.0738564,0.110743,-0.014078,0.00842297
-0.0718263,0.548763,0.304874,0.324667
0.35585,-0.392359,0.123366,-0.0342612
-0.0146606,0.136033,0.0805035,0.0828906
-0.427328,-0.324719,-0.287333,-0.60113
-0.134403,-0.475127,-0.0988186,-8626e-7
-0.10323,-0.0753896,-0.0655057,-0.14092
-0.0103494,0.211723,-0.0403091,0.111911
0.13829,-0.0561853,-0.00523496,0.0354168
-0.073457,0.125604,-0.00965567,0.0251569
0.293397,-0.0985332,-0.279066,-0.00517254
0.122521,-0.177127,-0.0412184,0.216858
0.0636575,-0.0228977,-0.0596906,0.00131248
-0.0301602,-0.199058,0.188867,-0.24359
0.220469,0.132321,0.164466,0.109437
-0.00393973,-0.0407819,0.0419154,-0.0504863
-0.0483384,-0.0519947,0.0548741,-0.010907
-0.011218,-0.0120628,-0.00387284,769895e-9
0.00185758,0.00199773,0.00651154,-0.00129423
-0.0218014,-0.0608264,-0.00627992,0.00128277
0.0506398,0.141276,0.0362043,-0.00739905
-0.011997,-0.0334694,-0.00480527,98197e-8
-0.558742,0.0381115,0.0194243,-0.022652
0.542369,-0.036997,-0.0241067,0.0281144
-0.12341,0.00841776,0.00411624,-0.00480018
0.0983713,0.0409812,-0.0384468,-428859e-9
-0.0979269,-0.0407957,0.0110129,122938e-9
0.0156881,0.00653451,-0.0076044,-848587e-10
-0.0124119,-0.287795,0.0112903,-0.248319
0.144299,0.131561,0.245832,-0.0277429
-0.00102281,-0.0596294,0.00512881,-0.0530146
-0.293397,0.0985333,0.279066,0.0051725
-0.122521,0.177127,0.0412184,-0.216858
-0.0636575,0.0228977,0.0596906,-0.00131249
-0.0650011,0.049864,0.0257138,0.0428575
-0.0150801,0.0115726,-0.00181489,-0.0030247
0.00249738,-0.00191628,0.00305126,0.00508563
0.0542596,-0.0138294,0.00372391,0.00613288
-0.126025,0.0321233,-0.0214724,-0.0353553
0.0298561,-0.00761032,0.00284988,0.00469263
0.0128561,-0.485148,-0.0312068,-0.0119119
-0.0124773,0.470931,0.0387315,0.0147826
0.00283953,-0.107155,-0.00661306,-0.00252429
0.0578011,-0.108542,-0.011229,-0.0324604
-0.0575396,0.108052,0.00321638,0.00929815
0.00921668,-0.0173102,-0.00222097,-0.00642036
0.0331151,0.353284,-0.0473056,0.354068
0.300054,0.368647,0.198771,0.183529
0.0144588,0.0675811,0.0055506,0.0725485
0.60762,-0.28232,-0.516291,0.0836289
0.100349,0.184236,-0.0682819,0.281154
0.0854903,-0.0458157,-0.0732418,0.00466999
0.0310696,-0.0434463,-0.00455918,0.005427
-0.0146164,0.0338397,598097e-9,-0.00313431
0.00732507,-0.00828731,-0.00101464,0.00160476
-0.0925827,-0.158064,-0.0772268,0.0251115
-0.51677,0.732311,-0.0126115,-0.0306767
0.00842972,-0.0437326,-0.00966192,0.00517533
-0.219384,0.263542,0.226125,-0.446963
0.0575556,0.214188,0.299201,0.0458758
-0.0336179,0.0327636,0.0249796,-0.0661992
0.210912,0.0128448,0.291301,0.0120173
-0.00500291,0.0740435,0.0964324,0.259383
0.0480211,0.0261619,0.0569236,0.0211865
-0.030362,-0.0317388,-0.00785638,165746e-9
0.00316796,0.0170265,0.00304737,0.00134189
-0.00878094,-0.00717759,-0.00207883,-186605e-9
0.342274,0.223905,0.0454363,-0.0643861
-0.30648,0.236239,-0.0225785,-0.0271146
0.0486449,0.0160997,0.00743875,-0.00708493
-0.00270791,-0.00595374,-0.0361783,0.0538922
0.015079,0.0331614,0.0827499,-0.123261
-0.00201047,-0.00442117,-0.0196155,0.0292183
0.00654459,-0.00375988,0.0344138,0.0466691
-0.0364524,0.0209375,-0.0787091,-0.106744
0.00485994,-0.00279156,0.0186576,0.0253031
495209e-13,433334e-13,10519e-11,-739484e-13
828738e-14,-13879e-12,-805201e-13,576599e-13
-675361e-15,746317e-15,548897e-15,-250116e-14
0.0985707,0.0176652,0.0989288,0.0177277
-0.00507606,-909741e-9,-0.00505731,-906272e-9
-0.0080543,-0.00144327,-0.00803772,-0.00144048
-0.0212342,0.0435856,0.00731972,-0.0038373
-0.0193784,0.0397682,0.0145023,-0.00760746
-0.00150788,0.00309611,-588601e-9,309198e-9
147836e-12,113632e-12,-284496e-12,107029e-12
-133113e-12,-16866e-11,241524e-12,-764843e-13
35504e-12,371814e-13,-525555e-13,136179e-13
-0.0419633,-0.0382545,0.0411208,-0.0605497
0.00302126,0.00275444,0.00872923,-0.0128481
-0.00499004,-0.00454896,-0.00150149,0.00221024
-0.0295673,0.0393331,0.0482712,0.066203
0.00212893,-0.00283195,0.0102416,0.0140515
-0.00351593,0.00467727,-0.00176193,-0.00241705
0.0463311,-0.20945,0.0463743,-0.209644
-0.00415485,0.0187824,-0.0042395,0.0191661
-0.00231165,0.0104504,-0.00230558,0.0104228
-116756e-12,-105935e-12,-584033e-13,253898e-13
119986e-12,914626e-13,201547e-13,-124554e-13
-113264e-13,-108577e-13,340904e-14,-282868e-14
-391609e-12,938992e-14,801231e-13,-879332e-13
217822e-12,200855e-13,-363469e-13,227835e-13
-521197e-13,594786e-14,130124e-14,143986e-13
-0.0286996,-0.135175,-0.0175653,0.0388052
0.0386645,0.182116,0.0224765,-0.0496495
-0.0029203,-0.013752,-254486e-10,569183e-10
-398996e-13,-243153e-13,162701e-14,-267824e-13
74444e-13,359242e-13,190068e-13,807771e-14
-717174e-14,-323587e-14,990577e-15,-470254e-14
0.0316239,0.00876065,0.0317001,0.00878155
0.30069,0.083299,0.301415,0.0834977
0.0167667,0.00464483,0.0168072,0.00465591
0.0520814,-0.415244,0.0519606,-0.414258
281103e-9,-0.00224107,280451e-9,-0.00223576
0.0097229,-0.0775205,0.00970035,-0.0773365
398986e-13,243138e-13,-162726e-14,26782e-12
-744387e-14,-359234e-13,-190069e-13,-807782e-14
71716e-13,323565e-14,-990604e-15,47025e-13
0.00696779,-0.00230163,-0.0412768,0.0207225
-0.00156629,0.00159107,0.0167438,-0.0227631
0.0016326,-743541e-9,-0.0101899,0.00282953
0.00217936,0.00705286,-0.0266898,0.0438189
-218029e-9,-0.00413692,0.0242974,-0.0176892
458959e-9,0.00213806,-0.00444345,0.0108306
0.111571,0.167398,0.111551,0.167369
0.0249917,0.0374969,0.0249889,0.0374927
0.00598844,0.00898487,0.00598483,0.00897951
0.0122963,0.0498092,0.0354784,-0.0322112
0.00271523,0.0110009,0.00535884,-0.00486513
0.00279582,0.011325,0.00824384,-0.0074848
-0.195585,-0.293451,-0.195583,-0.293448
-0.146429,-0.219699,-0.146428,-0.219697
-0.0296668,-0.0445112,-0.0296665,-0.0445109
0.103574,0.0434021,0.404798,-0.167594
0.0110226,-0.0103958,0.00970014,-0.0421301
0.0250312,0.0116784,0.18155,-0.0563931
-0.0342078,0.0619805,0.144638,-0.0603571
-0.0353298,0.0185551,0.200854,0.0228472
-0.00575686,0.0140317,-0.0323457,-0.0390377
0.184971,0.277523,0.184941,0.277481
0.112075,0.168152,0.112045,0.168111
0.0404311,0.0606615,0.0403998,0.060615
0.0173203,-0.0346794,0.0913439,-0.0296239
-0.00501367,0.0100389,-0.0928216,0.0301033
0.00344308,-0.00689397,0.013516,-0.00438194
-0.0313357,-0.0121034,-0.00328699,0.107444
0.00907087,0.00350343,0.00333997,-0.109182
-0.00622927,-0.00240602,-487811e-9,0.0158977
0.0405102,-0.00236462,-0.106449,0.0883433
-0.0529824,0.0030949,0.143566,-0.119149
-260758e-9,155158e-10,-0.0105798,0.00877951
151224e-12,-34308e-11,146194e-12,112888e-12
-152032e-12,295719e-12,-144843e-12,-674073e-13
354944e-13,-725811e-13,156089e-13,199304e-13
-124864e-13,-446423e-12,-36629e-11,-821665e-13
-94575e-12,360577e-12,379465e-12,-246412e-13
986607e-15,-862619e-13,-68675e-12,-187274e-13
0.492373,-0.259631,0.496769,-0.261989
-0.414998,0.218831,-0.418851,0.220897
0.0984666,-0.0519222,0.0992544,-0.0523451
357807e-11,-0.0295244,0.205891,-0.50985
-569704e-11,0.0363962,-0.201557,0.499112
731406e-12,-0.00624997,0.0453552,-0.112313
0.0339183,-0.00321397,-0.366684,-0.326833
-0.0418128,0.00396061,0.35896,0.319952
0.00718009,-680381e-9,-0.0807758,-0.0719972
837293e-13,238117e-12,-354489e-13,-53667e-12
117815e-13,-453527e-13,787987e-13,-19624e-12
212923e-14,480835e-14,156692e-13,-137809e-13
-0.00732698,-0.00505613,0.0486035,-0.00146129
-0.0133954,-0.00924877,0.0451519,-0.0013609
477176e-9,329944e-9,0.0031221,-934178e-10
-0.15471,0.127828,-0.152247,0.125768
0.0402984,-0.033299,0.0390376,-0.0322453
-0.0310569,0.0256606,-0.0305652,0.0252492
106985e-12,415417e-12,341447e-12,170358e-12
-486036e-13,-351502e-12,-332364e-12,-586766e-13
143216e-13,768119e-13,666002e-13,335499e-13
-0.015812,-0.0406809,0.237577,-0.221149
0.0412406,-0.0153829,-0.62342,-0.300219
-0.00450426,-0.0045897,0.0482502,-0.0136324
0.0242705,0.101231,-0.290202,0.102985
0.0200836,0.00461936,-0.113383,-0.680625
0.0021098,0.01336,-0.0278573,0.0354948
-0.0384904,-0.0284811,0.046019,-0.0215859
-0.00586077,-0.00433648,0.0104767,-0.00491485
-0.00894201,-0.00661679,0.0105189,-0.00493403
-0.042053,-0.0630932,-0.0420002,-0.063018
0.0527382,0.0791244,0.0525855,0.0789008
-0.00933977,-0.0140128,-0.00933026,-0.0139992
0.0526586,-0.281131,-0.0417069,-0.270412
-0.156835,0.179346,-0.0537469,-0.0138584
0.0945761,-0.0713605,-0.0104244,0.0369107
0.0247289,-0.136891,-0.0170633,-0.120438
-0.246843,-0.0224171,0.3007,0.0581958
-0.223129,-0.160625,-0.0278559,0.0410199
0.0922881,0.100871,0.027897,0.0198929
-0.12012,-0.0101287,0.133357,0.0275134
-0.19402,0.144163,0.0282514,0.04035
170454e-12,110564e-12,258747e-13,-123548e-13
-132505e-12,-132422e-13,-133228e-13,459791e-14
0.327032,-0.111507,-0.01511,-0.0267662
237576e-12,-478964e-13,743401e-14,-858168e-14
-0.23278,-0.160034,0.0403416,0.0255366
0.0852946,-0.329918,-0.0344272,-0.00928613
992407e-13,-806018e-13,240707e-14,624859e-14
218398e-12,-268722e-13,-182442e-13,-198625e-13
0.074368,0.416391,-0.0356511,0.00766263
0.10984,-0.109853,0.00807091,-602577e-9
-258241e-13,-603084e-13,-188548e-13,-307727e-13
0.309037,0.106546,-0.00361597,-0.00268993
228947e-12,-949718e-13,-237569e-13,214209e-13
-30432e-11,164242e-12,919404e-14,-138815e-13
0.0187405,0.0915323,-0.00214662,-0.00519199
0.529921,0.451091,0.0685648,0.0133987
0.268984,-0.567408,-0.0620567,0.272268
-0.128715,0.292968,0.0110902,-0.0829525
0.258275,0.220338,0.0258854,-907063e-9
0.345781,-0.494087,-0.0400183,0.067189
0.681161,0.247163,0.210252,0.13426
-0.350593,-0.115935,-0.0664143,-0.034332
0.168946,-0.24085,-0.00882204,0.0276193
0.146938,-0.62869,-0.0300007,-0.0098265
717362e-13,139605e-13,22426e-13,-211353e-13
100972e-12,-172907e-12,848577e-15,293151e-14
-0.151933,0.823664,0.00518819,-0.00318395
-76138e-13,-104471e-12,613275e-15,10024e-12
0.16413,0.4253,0.0776636,-0.00769345
0.495923,0.733982,-844267e-9,-0.00641266
913158e-13,141047e-12,-163202e-14,111563e-14
-182718e-12,-152519e-12,-45325e-13,-203456e-13
-0.416349,0.267496,-0.0286992,0.0236813
-0.219087,0.011291,0.0101833,-0.00980876
173096e-12,-141281e-12,602679e-14,-534656e-14
0.122419,-0.0025205,0.0107421,0.0102955
442812e-12,-350398e-13,-214315e-13,133879e-13
146584e-12,-602125e-12,767132e-14,-497676e-15
-0.019689,-0.214314,0.00287633,0.00154636
-0.0524807,0.187716,0.262171,0.266562
0.0309154,0.18776,0.541673,-0.0650427
-0.0181288,-0.0862267,-0.263134,0.0313604
0.0113395,0.0363066,0.153465,0.143816
-0.135922,-0.162119,-0.259159,-0.509287
0.193344,0.0621307,-0.469599,-0.187332
-0.0797314,-0.0294396,0.229355,0.0912219
-0.0385616,-0.0756712,-0.120169,-0.24851
0.293286,0.104073,0.235918,-0.0170848
0.117111,-0.327252,-0.192087,0.146881
-0.0363655,0.0376081,0.0158057,-0.0162583
-0.00735341,0.0986222,0.0352248,-0.0302834
0.14891,-0.11141,0.0836122,0.21254
0.19777,-0.0491496,-0.240992,-0.0415542
0.0159552,0.0339392,0.0211115,0.00696727
0.0438698,-0.2322,-0.0154844,0.0388892
-0.0503383,-0.0903676,-0.00219875,0.00229572
0.178013,-0.0265201,669235e-10,0.00184832
0.235325,-0.0350574,566512e-9,0.0155626
0.207722,0.372889,0.0145365,-0.0151777
0.314185,-0.176862,-0.0177594,0.0656524
-0.0170955,-0.111368,0.0137219,0.0230994
-839279e-9,-0.00546257,-0.0084722,-0.0142622
0.192167,-0.108175,-0.00891071,0.0329407
-0.103942,-0.63445,0.0306617,0.0216368
0.119791,0.0240317,-0.0039765,747935e-9
-0.19201,-0.0385187,-0.00321329,603049e-9
-650676e-9,-0.00396017,0.00288086,0.00203275
-0.157647,-0.0606404,0.181858,-0.376952
0.21907,-0.0150502,0.217983,0.435903
-0.101034,0.0114279,-0.105693,-0.211825
-0.03225,0.00681078,0.0935764,-0.216038
0.150986,-0.10399,-0.438767,0.465465
0.0924504,-0.215342,0.0159737,-0.451372
-0.0425111,0.088387,-0.00757293,0.22037
0.0684381,-0.0270732,-0.216475,0.220499
-0.113791,0.2445,-0.107118,-0.242145
-0.363184,-0.170208,-0.181421,-0.117255
0.0392406,0.0458761,0.0184367,0.00839044
-0.0844797,-0.0144164,-0.0452168,-0.025679
0.0839249,0.137585,0.192381,-0.16839
-0.0349066,-0.232557,-0.0377023,-0.215184
0.0407287,-0.0146301,505059e-9,0.0198537
0.196729,0.056853,0.0468285,0.00162682
0.0820808,-0.0360301,0.00324967,0.00144975
-0.0110632,-0.207393,-0.00153414,613471e-9
-0.0146239,-0.274165,-0.0129163,0.00516771
-0.338695,0.14868,-0.0214845,-0.00958462
0.126862,0.285525,0.0758896,-0.00608536
-0.129803,0.00750042,-0.0152886,0.0185024
-0.00636691,368756e-9,0.0094396,-0.0114239
0.0775934,0.174638,0.0380771,-0.00305323
0.555849,-0.0377395,0.0112178,-0.0404827
0.0406648,-0.134997,-0.00182766,-0.0031185
-0.0651793,0.216383,-0.00147579,-0.00252037
0.00346971,-237194e-9,0.00105381,-0.00380354
-0.0692412,0.313892,0.0615689,0.268955
-0.281112,0.0685063,0.257988,-0.0427479
0.0297275,-0.0233007,-0.118063,-0.137949
-0.00451369,0.0290438,-0.03184,0.0357512
0.276463,0.0340415,-0.306668,-0.036716
-0.109341,-0.315476,0.0418218,-0.229836
0.0300082,0.0316114,-0.151596,0.0576988
0.0254257,0.00151669,-0.0256456,-0.0470559
-0.296772,0.0554393,0.0479228,-0.00823632
109728e-12,556648e-13,435274e-14,-942651e-14
531895e-13,-262453e-13,140912e-13,704007e-14
0.351282,-0.144156,0.0115466,-0.0471865
-958485e-13,-190319e-12,-244465e-13,-980329e-14
-0.193683,0.351594,0.0522849,-0.037653
-0.0992907,0.290993,0.0032659,0.04807
-702822e-16,-314554e-12,-147987e-13,-184887e-14
-0.821852,0.726616,0.0569308,0.100713
109233e-12,-552062e-13,-217944e-14,-925474e-14
-472328e-13,18742e-12,224624e-14,185313e-14
-0.336006,0.286597,0.0304779,0.0362417
-313769e-13,-125795e-12,-465219e-14,-608531e-14
0.0119915,-1.03556,-0.0518837,-0.133903
-0.0436902,0.42774,0.0374641,0.0230487
-117304e-13,-508581e-13,-232916e-14,-209885e-14
156358e-13,-21962e-11,833824e-13,275458e-13
-0.144675,-0.0259932,0.0150824,0.0290869
-0.044815,-0.0907397,0.00126526,-0.0255741
-127712e-12,-296156e-12,325651e-13,-142703e-13
0.271927,-0.369381,-0.0235296,0.0346943
365221e-12,-815301e-13,-477851e-16,441788e-13
155492e-12,-392613e-13,-880694e-15,-115405e-13
0.158438,-0.253588,-0.0331674,0.0164107
-0.0440686,0.127445,0.0455035,0.298149
-0.129646,-0.0624136,-0.0377348,-0.242811
0.0197631,0.0443285,0.172891,0.0356017
-0.00833787,0.0106371,0.0391911,0.0202195
0.113554,0.0275864,-0.331363,-0.0646725
0.0575698,-0.155741,-0.215563,-0.0414626
-0.0487707,0.0275357,0.0820563,-0.134658
0.00985911,0.00632246,-0.0361102,0.0336599
-0.0983775,0.106259,-0.0209855,0.044009
-925795e-14,-488009e-13,395962e-13,314839e-14
548943e-13,558912e-13,-125031e-13,120993e-14
0.178395,0.0442155,-0.0444128,-0.0100858
178555e-12,-421482e-13,309889e-14,289153e-14
-0.0551189,0.159638,0.0437668,0.0533266
-0.156207,0.0632492,0.0164408,-0.0402036
200643e-12,-943973e-13,983356e-14,143457e-13
-0.478699,0.128529,0.113232,0.0311533
641392e-13,408461e-13,-245255e-14,820661e-14
-23851e-12,-645205e-14,245979e-14,-139917e-14
-0.181317,0.0666644,0.0450401,0.0212782
126216e-13,-572032e-13,-771077e-14,-101162e-14
0.556952,-0.322051,-0.0196465,0.127823
-0.141528,0.15386,0.033892,-0.0260346
28955e-13,-226468e-13,-314784e-14,-985095e-15
218475e-12,-104186e-12,-101897e-14,529402e-13
0.092483,-0.176629,-0.016436,-0.0254547
-0.0863328,0.0355324,0.0238039,0.0111554
140552e-12,-141009e-12,-359966e-13,-958035e-14
0.301722,0.059146,0.0371388,0.00978033
159755e-13,-355828e-13,-195775e-13,159376e-13
154073e-12,555392e-13,841373e-14,111968e-13
0.229832,0.0796413,0.0315158,-0.0122873
-0.0410264,-0.0690943,0.0154805,-0.13068
-232896e-13,961307e-14,417994e-13,-922078e-13
106232e-13,426148e-14,-715929e-13,781185e-13
-0.00293008,-0.0277738,0.303516,0.574781
0.0364127,-0.0244212,0.0897491,0.511415
134578e-13,240313e-13,159511e-12,-225974e-13
749164e-14,-649007e-14,344224e-13,-126611e-13
-0.019226,-0.0128379,-0.0261268,-0.689945
-0.00132143,-0.0503709,0.24453,0.178596
536523e-13,137821e-13,197272e-14,-150872e-12
-246501e-13,743306e-14,-214011e-13,201532e-12
-0.037082,0.0128936,-0.247335,-0.0578084
0.0705264,0.0378397,0.098675,0.296795
-120473e-13,-153659e-14,128135e-12,958556e-13
466707e-14,25537e-12,-17711e-11,-539718e-13
0.0293124,0.042453,0.0212292,-0.24055
0.199725,0.00264557,0.0864204,-0.0394322
13379e-11,231108e-13,-298802e-13,-695579e-13
848693e-14,282304e-13,-822142e-15,-568359e-14
0.00921609,120927e-9,0.0208303,-0.00950483
125567e-9,-0.0142323,0.0203409,-0.0271455
-894791e-15,111262e-14,-589936e-13,-513935e-13
381355e-14,-169197e-13,153293e-13,150211e-13
282257e-9,-0.0321253,-0.0455618,0.0608001
-0.0859528,-0.0322653,0.0382216,0.0586756
910934e-13,530657e-13,-462729e-13,287069e-13
-988352e-13,-692282e-13,642357e-13,-38141e-12
-0.035405,-0.013291,0.00443248,0.00680581
349607e-13,-160981e-13,-115977e-12,884262e-13
0.0254648,-0.010604,-0.148959,0.42288
0.0155366,-0.016961,-0.19293,0.63885
159336e-13,-934411e-14,-110271e-12,-447134e-13
-618589e-14,-114582e-13,-492491e-13,-299654e-13
-0.0236909,-0.0459119,0.356464,-0.380789
-0.00484594,-0.0206688,0.438558,-0.430407
-701466e-14,-135283e-13,276153e-13,111031e-12
599937e-13,-262727e-13,-752674e-13,-419344e-13
0.00520752,-0.0268401,-0.012299,0.229237
0.0565265,0.00582074,0.12803,0.274837
273385e-14,153167e-14,215848e-13,-219498e-13
101592e-13,22317e-12,-273567e-13,-393308e-14
0.00762219,0.0626764,-0.075784,0.23311
0.0214048,-0.0270154,-0.208015,0.207963
-169367e-13,-181902e-14,122469e-13,573106e-13
139959e-13,179535e-13,-118012e-13,489837e-14
-0.202666,-0.216689,-0.119323,-0.0473161
0.0132173,0.0141316,0.0211346,0.00838087
47889e-12,214451e-13,-422505e-14,-170509e-14
47781e-12,-549051e-13,-365687e-14,924814e-15
-0.0652949,0.0616148,-452129e-9,570154e-10
-0.0122212,0.0115327,-0.0374724,0.00459943
206501e-13,-313289e-13,568239e-14,-966897e-14
-618982e-13,-517205e-13,655356e-14,-145879e-13
-0.0821375,-0.191013,-0.0176088,0.0758092
0.0780776,0.181572,0.013238,-0.0569875
-244221e-14,499414e-14,545044e-14,-39872e-13
-0.120398,359346e-9,-0.778468,-0.431563
113152e-13,-140304e-13,131279e-13,553287e-13
-422232e-14,612457e-14,-432003e-14,-222308e-13
-0.050233,0.0226915,-0.264514,-0.218658
0.0326676,0.146902,0.437047,-0.708485
432439e-14,-616919e-14,-419581e-13,370435e-13
-282193e-14,170008e-14,162178e-13,-155766e-13
-0.0133943,0.0228452,0.11373,-0.312648
-0.156793,-0.0623276,-0.0741124,0.00467113
-129428e-13,32792e-16,-318045e-14,-178566e-14
-841383e-14,205525e-17,-181706e-14,-102017e-14
0.0726043,0.0288608,0.038065,-0.00239947
-0.356177,0.298701,-0.0858503,0.186389
-254074e-13,471448e-13,-111635e-13,706961e-14
501184e-14,-929973e-14,220209e-14,-139461e-14
-0.0586418,0.049178,-0.0141348,0.0306873
0.0300988,0.0266227,-0.0125732,-0.0583338
386576e-13,139203e-13,280854e-14,-741113e-14
-129789e-13,-467372e-14,-929013e-15,245139e-14
-0.0187244,-0.0165624,-318423e-9,-0.00147435
660066e-14,126064e-13,471255e-13,35395e-12
0.14949,0.0301761,0.0814161,0.854975
-0.0624597,-0.00778894,-0.0184205,-0.34155
511799e-14,403021e-14,153553e-13,167502e-13
136227e-13,-114398e-13,-3512e-11,424734e-13
0.0631999,0.00836732,-0.704726,0.466925
-0.0237786,-0.0145475,0.274998,-0.199313
312582e-14,158102e-15,-103081e-13,194661e-13
201166e-14,19835e-12,490125e-14,367818e-15
-0.0505482,-0.0971439,-0.0438631,-0.0333241
-0.0328598,-0.0631508,-0.0250588,-0.0190385
-932615e-15,-918676e-14,-251827e-14,-189597e-15
50742e-12,210604e-13,732922e-14,-114414e-13
-0.453117,-0.0067043,-0.181708,0.0825681
0.0893802,0.00132201,0.0358429,-0.0162872
835375e-14,346748e-14,120653e-14,-188363e-14
115085e-14,-460438e-14,293384e-15,393934e-14
0.0464149,0.34451,0.0574229,-0.105002
-0.0155826,-0.115665,-0.0189942,0.0347313
-715763e-15,286603e-14,732904e-17,99803e-15
-0.00122945,-0.00155916,0.169656,-0.0655653
-0.00160106,0.00265356,0.0932617,0.0429277
-0.0106886,0.0177148,0.384027,0.176772
0.0097335,0.0123487,-0.224387,0.0867175
-0.00124448,0.00118827,0.00500407,0.203541
-0.00322293,-0.0015501,0.0642128,-0.0654863
-0.021516,-0.0103482,0.264417,-0.269653
0.00985658,-0.0094079,-0.00661954,-0.269204
-0.0477713,0.118988,-0.21764,0.201823
-118521e-13,759159e-14,-146461e-13,-118775e-13
438812e-14,346906e-14,-137701e-13,191816e-13
-0.00849763,0.0211661,-0.0140137,0.012995
661067e-13,842418e-13,819616e-13,219221e-13
-0.0390023,-0.0864526,0.00349926,-0.200002
0.00934033,0.0207044,-157526e-9,0.00894703
-612144e-14,-253565e-14,-165047e-14,-111262e-13
-912333e-9,0.0546916,-0.0482033,0.0977877
-339985e-14,814677e-14,1309e-12,111525e-13
-172953e-14,414515e-14,602404e-15,514131e-14
525795e-9,-0.0315445,0.0313829,-0.0636656
-568436e-14,-307699e-14,227048e-14,-685051e-14
0.0478999,0.0573324,0.0427448,0.16418
0.0243661,0.0291648,0.0196985,0.0756624
327923e-14,177544e-14,-147762e-14,446231e-14
934524e-13,473376e-13,-183711e-12,663485e-13
0.052999,-0.00788732,-0.0189589,-0.0253128
-0.0246416,0.00366736,0.0248996,0.0332391
-306198e-14,-988907e-14,-171605e-13,373426e-13
0.00443332,0.0982145,0.104473,-0.0626687
-447181e-13,403527e-13,161409e-13,585187e-14
163104e-13,-107935e-13,-206339e-13,128046e-13
-992745e-9,-0.0219799,-0.0294449,0.0176635
0.177079,-0.0917193,0.451412,-0.0165299
241334e-13,-240445e-14,252654e-13,-177043e-13
-398122e-14,396546e-15,-416742e-14,292087e-14
0.034838,-0.0180444,0.0888094,-0.00325157
-376153e-16,235679e-13,-294525e-13,51972e-13
0.0761585,-0.190555,0.341172,-0.317373
-0.0125645,0.0314381,-0.0562865,0.0523611
-75201e-16,463691e-14,-579482e-14,102285e-14
0.0213697,-0.0166888,0.113343,0.0149111
-0.0569397,-0.0347052,-0.212289,-0.28526
0.028575,0.0174165,0.130113,0.174837
0.0132223,-0.0103261,-0.00569893,-750669e-9
-0.0161466,-0.0170697,-0.0585265,0.113803
0.0336632,-0.0691956,-0.303879,0.0925298
-0.0168935,0.0347255,0.186248,-0.0567117
-0.00999065,-0.0105617,0.00294371,-0.00572168
-226572e-9,-946182e-10,-0.0865667,0.0219298
-118888e-14,19669e-13,108622e-13,-315655e-13
-714032e-14,-129304e-13,-914407e-14,12938e-12
0.0347349,0.0141276,0.0165922,-0.00420309
-771528e-13,733456e-13,629862e-14,-106956e-13
0.0306731,-0.0136708,0.0071884,-0.0126401
0.0693581,-0.030917,-0.0159714,0.0280821
-177349e-13,214165e-13,-611761e-14,-979487e-14
-690851e-13,793711e-13,361601e-13,210146e-13
0.00473765,0.0328114,0.00141517,0.009806
0.00489705,0.0339608,0.00240808,0.0166953
-247161e-13,168198e-13,30392e-12,888103e-14
-0.158792,0.00645795,-0.0921859,0.00374781
106253e-13,-241563e-13,383385e-13,263764e-13
-460348e-13,-310193e-13,-186801e-13,-701977e-14
-0.0595218,0.0024206,-0.0355243,0.00144493
380357e-13,-527614e-13,436096e-12,134785e-12
-0.00549131,0.00407257,-0.180767,0.223629
-0.00242464,-0.00240936,-0.0924844,0.0395913
113902e-13,-825954e-14,204522e-12,263816e-12
45566e-12,201542e-13,555175e-13,39174e-13
0.00672499,-0.0112917,-0.149936,0.102417
-0.00422816,0.00366359,0.199982,-0.0464252
204433e-13,173336e-14,663733e-13,-270524e-12
-24116e-12,725855e-14,112708e-12,193163e-12
-0.00425473,-0.0448651,0.00407807,0.405442
-0.00976855,0.0233716,-0.0385851,-0.284014
-174126e-14,-301974e-13,-694218e-13,305195e-13
-354454e-13,675244e-13,897429e-13,730656e-13
-0.032931,-0.00735121,-0.372776,-0.0510669
0.0418287,-0.00699128,0.250954,0.0732305
-604e-11,53584e-12,568524e-13,-114516e-12
-941985e-14,515306e-13,208821e-13,653155e-14
0.0624759,-0.10357,0.0503733,0.0854024
0.017463,-0.0289479,0.0110814,0.0187885
-623292e-13,-396856e-13,506785e-14,725358e-14
-324042e-14,449348e-13,-105611e-14,177e-10
0.078894,0.0471054,0.135569,0.0809442
-0.0303095,-0.0180979,-0.050894,-0.0303873
-821393e-14,336383e-13,-219839e-13,150388e-13
816502e-13,899533e-13,-322178e-13,102134e-13
0.0892801,-0.0725184,0.0594043,-0.0482566
-0.124346,0.100998,-0.0972154,0.0789683
681552e-14,5028e-12,-177045e-13,-420895e-14
-511584e-9,-0.0488516,-0.465845,-0.418089
153908e-13,-368638e-13,-12301e-11,738178e-13
-845976e-14,3922e-11,119496e-12,13411e-13
-0.00167632,-0.0142361,-0.0114114,0.0527433
0.0155281,-0.0114863,-0.0417872,0.186371
331511e-15,-247431e-13,-20396e-11,693517e-14
258449e-13,253602e-13,-120816e-13,-582031e-13
0.00797893,-0.00109846,-0.10252,-0.244876
-0.0181478,-0.00925894,0.151327,-0.0997996
-490427e-13,918511e-13,-357159e-13,236785e-12
-249681e-13,451395e-14,108738e-12,-241098e-12
778924e-9,-0.015716,-0.0398991,-0.0840706
0.012573,0.0375882,-0.0931021,0.134638
-691888e-13,-638714e-13,-140228e-12,-12622e-11
-121282e-13,365813e-13,200513e-12,148844e-12
0.0172073,0.0281888,-0.0934208,-0.0443193
-0.0290249,-0.0136684,0.043614,-0.0321678
181579e-12,763816e-13,576654e-14,99696e-12
-683039e-13,-113417e-13,252296e-14,800671e-14
-0.0370602,-0.0174561,0.020066,-0.0147996
0.00432014,-0.00927844,0.0137153,-0.0294539
-641073e-13,-150746e-13,622855e-13,873806e-13
224963e-13,-170451e-13,-192644e-13,-238174e-13
-0.0069457,0.0149205,-0.0145836,0.0313315
0.0702241,0.0703121,0.0647611,0.0648403
101504e-12,113992e-12,708621e-13,-15158e-12
-790634e-13,-124651e-12,-981267e-13,234739e-13
0.0170612,0.0170808,0.0226282,0.0226559
-0.00322894,-0.00201392,-0.0270277,-0.121145
0.00720758,-0.0361038,0.348549,-0.531204
-673434e-9,0.00337266,-0.00198991,0.00302977
0.00293745,0.00183046,-0.0431715,-0.193511
-0.0014731,0.00295046,0.137866,0.0172804
0.0422619,0.00434482,-0.341637,-0.453236
-0.00394793,-406026e-9,0.00194798,0.0025867
0.00133873,-0.00268398,0.22022,0.0276044
0.00278085,-0.0773828,0.116871,0.171409
-148941e-13,-967943e-14,242747e-13,276096e-13
3572e-12,817792e-14,264083e-14,-323304e-14
0.00209442,-0.0583076,0.111458,0.163468
-639666e-13,-395507e-13,2884e-11,-589668e-13
-0.0485573,-0.0501105,0.0908983,0.0153022
0.00568225,0.005863,-0.0374986,-0.00631227
-895778e-13,-50799e-12,388967e-13,-640468e-13
0.0387797,0.113509,-0.284711,-0.197833
-345465e-15,698229e-14,-264608e-14,-868952e-16
835362e-17,-169528e-15,-165401e-14,-537774e-16
0.0128678,0.0376629,-0.0957269,-0.0665153
-140191e-13,-212435e-14,204821e-13,103785e-13
0.0510621,0.029849,-0.0397569,0.00420512
-0.00123747,-724088e-9,-0.0248625,0.0026301
-465122e-14,-704576e-15,688537e-14,348959e-14
-712618e-13,-10123e-12,263941e-13,154111e-12
0.0798349,-0.0429517,0.0872509,-0.0469438
-0.0279033,0.0150122,-0.0207914,0.0111851
-956072e-13,-230862e-13,141485e-13,170634e-12
-0.027984,-0.0678951,-0.0432915,-0.105018
-476029e-13,380201e-13,207452e-13,30252e-12
185094e-13,416647e-15,-549303e-14,444394e-14
-0.0470475,-0.11414,-0.061149,-0.148332
0.0672849,0.0926543,0.0123344,-0.0514822
-0.32916,-0.258325,-0.230346,-0.140358
-0.0797237,-0.102015,-0.00163324,0.0460702
-0.0468896,0.0657536,0.0285327,-734888e-9
0.190402,-0.215744,745867e-10,-0.0111742
0.047102,-0.273806,-0.0382709,-0.264854
-0.153358,0.227082,-0.0113002,0.0127298
0.0770974,-0.141008,-0.0168146,0.0260877
-0.0499057,-0.229589,-0.00408952,0.00363807
0.0040822,0.00980271,792547e-9,-724783e-9
-0.141726,-0.167789,0.00512248,649359e-9
0.0495459,-0.0231908,-0.00505211,0.00129111
-0.226343,-0.0308282,-0.00467947,-0.0194021
0.00763928,0.0278131,-0.00303717,-0.00366128
0.178465,0.0611271,0.00323814,0.0158068
-0.0357885,0.143171,-0.00162553,-0.00263075
-0.317857,-0.293747,-0.142066,0.015251
1.00289,-0.333871,0.0609648,-0.0318907
0.310453,0.28619,0.148551,-0.0227146
0.014456,-0.183149,0.00852585,0.0180381
-0.090577,0.689087,-0.0461933,-0.138742
0.475378,0.488951,0.0812323,0.0180458
0.104629,-0.675669,0.0382731,0.143534
0.0297375,0.447391,0.0106274,0.00120622
0.416344,0.478766,0.00721919,-0.0089146
-0.017896,-0.0216542,-0.00146896,0.00180286
0.310701,0.415327,0.00943937,-0.00870677
0.0387178,0.0144267,-0.00245277,0.00121425
-0.0835141,0.0185863,-0.0205306,-0.0186618
-0.0217908,-0.0677031,0.0048363,0.00236123
0.0320024,-0.106908,0.0190492,0.0167724
-0.149307,-0.367983,0.00122527,177265e-9
0.0917539,0.00806869,-0.12449,-0.0597564
0.0843197,-0.114231,-0.0322175,0.136919
-0.110039,0.00116309,0.109092,0.0645173
0.0248968,0.0101948,-0.0340157,-0.0303926
-0.0760761,-0.123862,0.0481982,-0.14705
0.138583,0.0789137,0.108105,0.0637674
0.0726577,0.131369,-0.0346097,0.136981
-0.0343636,-0.0462928,0.00434303,-0.049578
-0.0417547,-0.0449109,0.0282245,-0.00561049
0.00471069,0.00506415,0.00516153,-0.00102608
-0.196675,-0.211535,0.0201589,-0.00400631
0.122792,0.13207,-0.0196499,0.00390554
0.0746049,0.208143,0.0241562,-0.00493662
0.129655,0.361725,0.0441766,-0.00902831
-0.0212053,-0.0591607,-0.00600657,0.00122718
0.0385465,0.107542,0.0126318,-0.00258151
-0.296745,-0.145795,0.03211,-0.0201896
-251108e-9,-12418e-8,0.00237275,-0.00149186
0.340536,0.167311,-0.0434871,0.0273434
-0.0430694,-0.0211595,0.00168242,-0.00105765
-0.0119495,-0.0168697,0.00197654,-0.00101378
-0.44764,-0.63188,-0.0665142,0.034104
0.0175517,0.0247737,477436e-9,-244687e-9
0.0114077,0.0161056,0.00198817,-0.00101928
0.165302,-0.0112751,-0.00536659,0.00625811
0.181947,-0.0124117,-0.0122054,0.0142349
-0.192668,0.0131409,0.00614835,-0.00716966
0.0208303,-0.00142083,-398995e-9,465021e-9
0.0913238,0.0380559,-0.0190227,-211822e-9
0.0461806,0.0192323,-0.0143395,-159885e-9
-0.0723085,-0.0301319,0.0153561,171125e-9
-0.0418238,-0.0174308,-0.00441883,-49432e-9
-0.0466249,-0.161991,-0.0594196,-0.11313
0.0908763,0.0763435,0.155594,-0.0230228
0.0440006,0.174204,0.0657046,0.0996347
-0.0214516,-0.0587758,-0.0320161,-0.0314887
-0.0917539,-0.00806871,0.12449,0.0597564
-0.0843197,0.114231,0.0322175,-0.136919
0.110039,-0.00116307,-0.109092,-0.0645174
-0.0248968,-0.0101949,0.0340157,0.0303926
-0.0561449,0.043073,0.0132262,0.0220436
0.00633151,-0.00485952,0.00241874,0.0040312
-0.264451,0.202884,0.00944596,0.0157446
0.165108,-0.126668,-0.00920772,-0.0153469
-0.185672,0.0473245,-0.0143266,-0.0235898
-0.322674,0.0822449,-0.0262007,-0.0431408
0.0527738,-0.013451,0.00356203,0.00586586
-0.0959322,0.0244514,-0.00749174,-0.0123356
-0.199835,0.325011,0.0266576,0.0209162
-169877e-9,275042e-9,0.00196981,0.00154561
0.229326,-0.372973,-0.0361031,-0.0283271
-0.0290027,0.047172,0.00139659,0.00109597
0.0155316,-0.00892811,-0.00181489,-0.00169985
0.581765,-0.334459,0.0610619,0.057207
-0.0228089,0.0131142,-438166e-9,-410663e-9
-0.0148281,0.00852314,-0.00182508,-0.00171002
-0.00380359,0.14353,0.00862162,0.00329114
-0.00418548,0.157982,0.0196105,0.00748445
0.00443409,-0.167291,-0.00987746,-0.00377054
-479361e-9,0.0180866,640714e-9,244759e-9
0.0536735,-0.100765,-0.00555615,-0.0160607
0.0271284,-0.0509561,-0.00418805,-0.0121067
-0.0424975,0.0797842,0.00448507,0.012965
-0.0245831,0.0461475,-0.00129046,-0.00373084
-0.108843,0.0673091,-0.336496,0.157401
-0.229035,-0.0671886,-0.36314,-0.543761
0.105838,-0.059467,0.367214,-0.168141
0.0331569,-0.00443685,-0.223521,0.0262213
-0.0124939,-0.138878,0.502429,-0.102135
-0.183806,0.203384,0.0801792,0.629251
0.00993893,0.140543,-0.493952,0.100233
0.0037979,-0.00805632,0.275829,0.0892505
0.114938,-0.0361172,-0.128537,0.122807
-0.00106503,-0.0040747,440188e-9,-0.00303722
0.122165,-0.0426869,-0.134889,0.0900274
241412e-9,0.00325758,0.00515903,0.0114537
-0.167026,0.135636,-0.0873433,-0.0687488
-0.00603138,0.00133111,0.00500125,-0.00259644
-0.154011,0.162324,-0.0990705,-0.0301171
-0.00756341,-0.00683594,0.00619862,-0.0128354
0.0184221,0.193796,0.00739121,0.0310385
-0.272071,0.908544,0.0468751,-0.0250391
-0.0450516,-0.160016,-0.004516,-0.0402195
-0.00761789,0.287876,0.0112276,0.0274935
-0.545781,-0.379205,-0.0420079,0.00734963
0.929519,0.8121,0.039076,-0.0440943
0.547773,0.387937,0.0402416,-0.00868075
-0.0905602,-0.0986798,0.00194885,0.00841581
-0.0405104,-0.085665,-0.0508323,-0.0547262
0.195565,0.0939125,0.024801,-0.0147591
0.04413,0.092449,0.0516646,0.0562589
0.1367,748834e-9,-0.0235103,-0.0301826
0.0395507,-0.127822,-0.0188269,0.00347606
-0.00479773,0.00544283,-528436e-9,-232934e-9
0.13796,-0.24101,-0.00965024,0.0104391
0.00809599,-0.0136764,-564223e-9,419214e-9
-0.0748318,-0.00258815,0.286532,-0.149938
-0.0943364,-0.055295,-0.268806,-0.662858
0.0713817,-0.0151277,-0.29707,0.179655
0.00364798,0.0113249,0.141582,-0.177087
0.0646934,-0.0389609,-0.479645,0.0140757
-0.0816146,0.0714808,-0.0758542,0.699081
-0.0619347,0.0328201,0.478571,-0.00232456
0.0275352,0.0136929,-0.239751,0.15269
531753e-9,0.0276262,-0.0667873,-0.109016
0.00130603,-0.00351596,-0.00388843,0.00363974
0.0043826,0.0607262,-0.023898,-0.104829
-775937e-9,-0.0114101,-0.0146664,758954e-9
-0.102924,0.0541433,0.150467,-0.0899055
-977389e-9,0.0010103,-0.00252293,-876547e-10
-0.144144,0.0097086,0.12288,-0.108045
0.0137318,0.0177074,0.0087657,0.00943871
-0.200081,0.0155122,-0.0204262,-0.0226882
-0.172062,0.360524,0.0551688,-0.0190104
0.228963,0.0111483,0.0301745,0.0258251
-0.222454,0.0511329,-0.0146657,-0.0234024
0.0404903,-0.419,0.0370544,0.0102833
0.162704,0.557585,-0.0277051,-0.049926
-0.0304035,0.413637,-0.0351987,-0.011628
-0.0431024,-0.0359722,-0.00330874,0.00900909
-0.0745299,0.150493,0.0668147,0.02475
0.106438,-0.0411831,0.00985179,-0.0278947
0.0804995,-0.162074,-0.0685607,-0.0249122
0.0229596,0.110354,0.03589,0.00958812
0.122008,0.0269737,0.00879368,-0.016959
-984818e-9,0.00304311,-381207e-10,-633883e-9
0.144303,-0.0345007,0.0119757,-0.00456054
0.00782877,-0.00231692,535112e-9,-357906e-9
0.00252224,0.00554587,0.0346422,-0.051603
0.0183562,0.0403682,0.21177,-0.31545
-0.0100362,-0.0220708,-0.122069,0.181834
0.00524699,0.0115389,0.063089,-0.0939773
-0.00609618,0.00350206,-0.0329518,-0.0446876
-0.0443745,0.0254878,-0.201434,-0.273176
0.0242611,-0.0139353,0.116113,0.157466
-0.012684,0.00728552,-0.0600105,-0.0813829
8981e-12,561369e-14,952578e-13,-531435e-13
457372e-13,65626e-12,694672e-13,-167895e-13
210768e-13,-306071e-13,-856706e-13,352959e-13
-206698e-13,27765e-13,124198e-13,665588e-15
0.0270606,0.00484866,0.0339914,0.00609114
-0.1146,-0.0205372,-0.114591,-0.0205351
-0.0338646,-0.00606895,-0.0267747,-0.00479884
0.0335044,0.00600384,0.0334263,0.00599043
-362123e-13,-686034e-13,-38622e-12,507274e-13
1408e-11,168488e-13,248488e-13,-323836e-13
-749884e-15,52656e-12,13563e-12,-939528e-14
-217326e-13,-249941e-13,-326641e-13,413471e-13
0.0344176,-0.00327534,0.027399,-0.00260718
0.0662864,-0.00630679,-0.00705948,672279e-9
0.0138438,-0.00131666,0.0254442,-0.00242141
-0.0109525,0.0010419,-0.011454,0.00108999
-0.0181892,0.03733,0.0190483,-0.00999169
-0.0263193,0.0540157,0.0450041,-0.0236067
-0.00464197,0.00952894,-0.00795643,0.00417529
0.00363638,-0.00746297,0.00153327,-805213e-9
12787e-11,924491e-13,-163052e-12,610642e-13
2358e-10,200685e-12,-213688e-12,69977e-12
-100014e-12,-990679e-13,166057e-12,-804687e-13
-172399e-13,-181292e-13,-163994e-13,222563e-13
0.0154751,0.0141067,-0.164309,0.24192
-0.00398042,-0.00362884,-0.00346068,0.00509249
0.0214811,0.0195831,-0.0351521,0.0517574
0.0150338,0.013705,-0.102724,0.151246
0.0109032,-0.0145051,-0.192857,-0.264523
-0.00280475,0.00373095,-0.00405875,-0.00557032
0.0151361,-0.0201347,-0.0412612,-0.0565921
0.0105927,-0.0140915,-0.120573,-0.165376
-0.0101681,0.0459698,-916234e-9,0.00414075
0.00448433,-0.0202709,0.00459109,-0.0207564
0.00100866,-0.0045607,0.0100318,-0.0453477
-0.00283044,0.012796,-0.00282555,0.0127729
-5609e-11,-297011e-13,-276614e-13,-281485e-14
-845459e-13,-10012e-11,712011e-14,-259676e-13
110142e-12,917747e-13,835117e-14,124804e-13
209532e-13,28275e-12,-101639e-13,-526044e-15
0.0209203,0.140882,0.0147052,0.0990296
-0.00188404,-0.0126952,-0.00153581,-0.0103482
-0.00300232,-0.0202188,0.00431381,0.0290533
0.0080341,0.054104,0.00687884,0.0463249
-82163e-14,18393e-12,-61605e-13,155409e-13
-575791e-13,130027e-13,151041e-14,470013e-13
-462519e-14,-172711e-13,-347294e-14,-232814e-13
-338788e-14,829048e-15,555107e-15,112348e-15
-940455e-14,-686044e-13,208575e-13,979526e-14
-33398e-12,-67104e-12,205135e-13,-449331e-13
26012e-12,803859e-13,-170082e-13,357453e-13
154194e-13,-551098e-14,-766292e-15,331582e-13
-0.0360562,-0.169835,-0.0309354,0.0683359
-0.0374631,-0.176443,-0.0221708,0.0489779
0.0444796,0.20951,0.0248921,-0.0549837
-423372e-9,-0.00199758,-0.00638197,0.0140979
-298758e-10,-481588e-9,-0.0239305,0.0168835
-0.00452059,-0.0732213,-0.625929,0.441644
-129546e-9,-0.00210374,0.0171333,-0.0120903
137976e-9,0.00223328,0.0165038,-0.0116467
549982e-9,-868065e-10,0.00698411,0.0252135
0.0836243,-0.0131743,0.182707,0.659497
0.00240268,-378144e-9,-0.00500234,-0.0180526
-0.00255057,401932e-9,-0.00481901,-0.0173894
-189467e-13,-259672e-13,140509e-13,-48338e-13
-407545e-13,-551226e-13,175262e-13,-480451e-13
691064e-14,207992e-13,-167669e-13,-266296e-14
453795e-15,229723e-14,685732e-15,377361e-14
-0.021922,-0.0132138,-0.0122587,-0.00738812
-0.00613116,-0.00369617,0.0567208,0.0341878
-0.0234169,-0.0141145,-0.0294346,-0.0177421
-0.00982737,-0.00592353,-0.00954773,-0.00575455
-111128e-13,-139921e-13,-398754e-14,-816676e-14
190194e-14,908191e-14,479667e-14,205412e-14
111427e-13,14048e-12,40098e-13,819003e-14
-230477e-14,-327749e-14,-105814e-14,-173066e-14
-0.0617273,-0.0171011,-0.0618762,-0.0171419
0.0758841,0.0210219,0.0760671,0.021072
0.0620788,0.0171964,0.0622285,0.0172375
-0.0164704,-0.00456274,-0.0165102,-0.00457363
0.0751972,-0.0703759,-0.0395561,0.00468646
0.138099,-0.129246,-0.11245,0.013327
-0.0538202,0.0503699,0.029868,-0.00353875
0.0140127,-0.013114,-0.00575763,68186e-8
-56257e-12,136553e-13,-177515e-13,669745e-14
-115632e-12,521757e-14,-404186e-13,-155164e-13
450943e-13,172898e-13,206386e-13,-102692e-13
-164052e-14,111231e-13,-999089e-15,-169349e-15
-0.0277619,-0.0443378,0.29392,-0.248567
-0.00156181,-0.00249427,554518e-9,-469912e-9
0.0205435,0.0328091,-0.255999,0.216495
-0.00109799,-0.00175321,0.036895,-0.0312004
-0.0359779,0.0275795,0.150903,0.403611
-0.00202397,0.00155154,285696e-9,761729e-9
0.0266229,-0.0204084,-0.131432,-0.351537
-0.00142264,0.00109073,0.0189408,0.0506636
0.0139207,-0.0261063,-0.0096124,0.0180265
0.0050642,-0.0094986,0.00630846,-0.0118325
0.0470953,-0.0883182,0.0669976,-0.125641
-0.0220076,0.0412713,-0.0257592,0.0483064
12842e-12,103127e-13,172604e-13,123726e-13
-345149e-13,-473957e-13,-131165e-13,-45783e-13
-48657e-12,-685016e-13,-430885e-13,-265782e-14
406645e-13,615161e-13,20396e-12,129675e-14
0.0122088,-0.0973337,0.0121804,-0.0971027
409312e-10,-326358e-9,408363e-10,-325584e-9
-0.0122339,0.0975472,-0.0122055,0.0973157
0.00241213,-0.0192319,0.00240654,-0.0191863
111124e-13,139915e-13,39875e-13,81667e-13
-190201e-14,-908201e-14,-479689e-14,-205445e-14
-111423e-13,-140474e-13,-400969e-14,-818988e-14
230474e-14,327745e-14,105819e-14,173072e-14
-264814e-14,20395e-12,-25829e-13,-468397e-13
-612516e-13,-449132e-13,313671e-13,-148185e-13
-651676e-13,-524202e-13,595124e-13,-18316e-12
520643e-13,427538e-13,-378378e-13,254579e-13
-0.00276831,0.0438342,0.0312316,-0.0372835
0.00502625,-0.0797796,-0.020214,0.0241343
0.00563485,-0.0892672,-0.0466723,0.0557165
-0.00532479,0.0844073,0.0261318,-0.0311954
0.00384272,-0.0105706,0.225917,-0.114931
-384839e-9,-970461e-9,0.0142587,-0.00901098
-0.00208711,-0.00461103,0.337707,-0.229905
0.00331828,-0.0043198,-0.0453622,0.0508983
0.00675975,0.00457809,-0.483192,0.139164
0.00121823,0.00197872,-0.0244986,0.00623355
0.00599784,0.00994729,-0.524041,0.123761
0.00134624,-0.0018215,0.00210514,0.0123977
0.00227912,-0.0216974,-0.107453,-0.179819
-0.0665641,0.00785268,0.250343,-0.680373
0.00336409,0.0171872,0.0709858,0.195079
-0.00912781,-0.0157676,-0.04869,-0.266784
-0.00459332,0.0520915,0.149872,0.115484
-0.0244039,-0.0337741,0.682347,-0.262404
0.00568838,-0.0400903,-0.17059,-0.0767478
-0.00761387,0.0354077,0.241786,0.0534467
-0.00274044,-0.00411148,-0.00270929,-0.00406529
0.00382588,0.00574043,0.00388839,0.00583385
0.00276629,0.00415019,0.00263948,0.00396048
164477e-9,246892e-9,221768e-9,332567e-9
-0.0535395,0.00500987,-0.048146,0.00450526
-0.0118019,0.00110517,-0.0151963,0.00142232
-0.0427619,0.00400183,-0.0430301,0.00402686
541628e-10,-526174e-11,485844e-9,-456315e-10
-0.017303,0.0116449,0.057726,0.0302927
0.012936,-0.00870524,-0.0111236,-0.00583786
0.00584053,-0.00393061,0.0327687,0.017196
-0.00590216,0.00397213,0.00851138,0.00446675
-0.0179069,-0.0725379,-0.0375786,0.0341174
-0.00712275,-0.0288522,-0.00864856,0.00785024
0.0204789,0.0829556,0.0470934,-0.0427563
-0.00615674,-0.0249404,-0.00532789,0.00483591
0.00359261,-0.0345614,0.502909,-0.281271
0.0223632,0.0702299,-0.933441,0.287602
-0.00495454,0.0342871,-0.496985,0.288926
-0.00658288,-0.00740934,0.100922,-0.00377827
-0.0429585,0.00459933,0.244517,0.480595
0.0293661,0.020722,-0.615424,-0.727389
0.0453328,-0.00597198,-0.234075,-0.482636
0.00514939,-0.00646712,0.0853644,0.0594618
0.020235,-0.0380897,0.0200369,-0.0377165
-0.00709893,0.0133622,-0.00531107,0.00999571
0.0227532,-0.0428306,0.0253665,-0.0477501
206807e-9,-388937e-9,-369077e-11,735747e-11
0.00281812,0.00422841,0.0028181,0.00422838
0.00253294,0.00380035,0.00253291,0.00380032
-0.0027865,-0.00418061,-0.00278647,-0.00418058
365695e-10,548673e-10,365692e-10,548669e-10
0.00184397,-0.00167218,0.0238218,0.0083989
-0.18069,0.163864,0.187617,0.0661684
741421e-9,-672545e-9,-0.0273185,-0.00963221
0.00461572,-0.00418589,-0.0043927,-0.00154936
-0.0411306,0.00880647,-0.114887,-0.0850573
0.00293142,-0.0377721,0.158074,-0.0534642
0.0402486,-0.00914122,0.106584,0.0788971
-0.0205748,320151e-9,0.0376255,-0.125196
0.0955661,0.0144028,-0.077929,0.129333
0.00208423,-0.0156705,0.175803,-0.0404186
-0.0933915,-0.0143004,0.0723029,-0.119976
0.0487845,0.00559451,0.0870864,0.0811063
0.0309142,-0.0204039,-601097e-9,-0.00679477
0.0105248,-0.00694755,0.00137372,0.0155214
0.0540103,-0.0356482,0.00180473,0.0203995
-0.00798491,0.00527057,-613991e-9,-0.0069403
-0.059026,0.0142928,-0.0598762,0.0144967
0.0281763,-0.00682193,0.0288584,-0.00698633
0.0370744,-0.0089777,0.0435271,-0.0105381
-0.0536924,0.0129997,-0.0182316,0.0044136
0.00690392,-0.013823,0.0721259,-0.0234018
0.00642595,-0.0128664,0.041016,-0.0132959
-0.00849038,0.0169991,-0.0921819,0.0299094
0.00200004,-0.00400492,-0.0436845,0.014176
-0.0124902,-0.00482451,-0.00258525,0.0848422
-0.0116259,-0.00449045,-0.00148321,0.0482426
0.0153601,0.00593319,0.00330379,-0.108434
-0.00361876,-0.00139763,0.00156314,-0.0513874
0.0592566,-0.00346211,-0.165673,0.137498
0.0514682,-0.00300495,-0.137957,0.11449
-0.0740002,0.004322,0.134727,-0.111815
0.0155867,-910149e-9,-0.00211263,0.00175422
642713e-13,-229246e-12,128697e-12,549626e-13
103568e-12,-418023e-12,346513e-13,103408e-12
-842646e-13,230428e-12,-804776e-13,-69585e-12
-105237e-13,-1228e-11,286515e-13,193749e-15
-0.0666421,0.0300377,0.0454922,-0.080777
0.0274528,-0.0123715,-0.0378262,0.0671449
0.0448989,-0.0202373,-0.0228313,0.0405426
-0.0369485,0.0166541,0.0418144,-0.0742399
91365e-13,218569e-13,495463e-13,-315997e-13
125842e-12,114793e-12,820298e-13,-913526e-13
-149722e-13,-142042e-13,-396928e-13,41468e-12
-264922e-15,-546575e-14,297416e-14,-236845e-14
699963e-13,-201703e-12,-32287e-11,104988e-12
962224e-13,-305969e-12,-419973e-12,104263e-12
-80217e-12,192833e-12,305594e-12,-954148e-13
689274e-14,-108705e-13,-219465e-13,129743e-13
0.278175,-0.146683,0.282797,-0.149146
0.426145,-0.224709,0.43017,-0.226866
-0.278877,0.14705,-0.280257,0.147804
0.0149219,-0.00786846,0.0151476,-0.00798862
-100773e-11,0.00946583,-0.0714719,0.17699
-312444e-11,0.0185066,-0.0682778,0.169075
876524e-12,-0.00819233,0.0601227,-0.148883
572145e-13,648648e-9,-0.00729416,0.0180626
-0.0108745,0.00103069,0.127291,0.113456
-0.0212608,0.00201359,0.121598,0.108384
0.00941151,-891967e-9,-0.107076,-0.0954396
-745165e-9,708154e-10,0.0129906,0.0115789
-487634e-13,-53416e-13,-190501e-12,729534e-13
-261195e-13,233564e-13,-161672e-12,608729e-13
549098e-13,679987e-13,138282e-12,-583089e-13
-190113e-13,-541765e-13,-243685e-14,537686e-14
-0.00668285,-0.00461591,-0.010772,323501e-9
-0.0416493,-0.0287553,0.0603739,-0.00181845
0.0173249,0.0119614,-0.040869,0.00123093
-0.00111158,-768486e-9,-0.00838751,252629e-9
-134713e-13,-237445e-13,651386e-13,-478514e-13
281983e-14,378427e-13,-581902e-13,348712e-13
-523727e-13,-606897e-13,-777184e-14,13928e-12
-138207e-13,-374411e-13,564876e-13,-399326e-13
0.0285054,0.00982835,-0.0698413,0.0217797
0.106898,0.0368616,-0.181361,0.0565571
-0.0379034,-0.0130685,0.0983109,-0.0306583
0.00574348,0.00197997,-0.0187851,0.00585836
0.0658537,-0.0544102,0.0653407,-0.0539767
0.0725989,-0.0599834,0.0716052,-0.0591524
-0.0663756,0.0548421,-0.0651689,0.0538356
0.00722859,-0.00597253,0.00714956,-0.00590613
-240825e-13,24302e-11,267587e-12,-856945e-13
-383824e-13,388535e-12,374837e-12,-809489e-13
-335902e-14,-274779e-12,-258045e-12,707271e-13
-384273e-15,223964e-13,194153e-13,-989118e-14
0.00252035,-0.0263854,-0.0901014,-0.0553545
0.00248244,193599e-9,-0.0125362,-0.0342429
-0.003699,0.030482,0.145683,0.139878
0.0013365,-0.00142384,-0.120611,-0.239216
0.0140924,114016e-9,-0.0586731,-0.182691
-0.00467067,-0.00471944,0.00819138,0.0662559
-0.014842,0.00135414,0.0638233,0.121374
-0.00143254,-0.00225908,0.0231913,0.325771
0.0111231,0.003298,-0.220581,-0.0532923
481862e-9,-416017e-9,-0.0045587,-0.00375304
572313e-9,0.0105214,-0.134193,0.0184842
-417133e-9,-218407e-9,0.0125735,0.00353846
305213e-9,-0.0152221,0.0124773,-0.216154
396788e-9,576199e-9,-0.00237788,-0.00570319
-0.00708947,-0.0236761,0.0581704,-0.107773
534878e-10,780541e-9,-212807e-9,0.012554
0.0511575,0.0378538,-0.0772384,0.0362301
0.00965499,0.00714269,-0.0269652,0.0126484
-0.0408263,-0.0302089,0.0676252,-0.0317211
0.00592724,0.00438465,-0.0233198,0.0109388
0.0259197,-0.0121742,-466117e-10,829401e-9
0.180593,-0.08484,-0.0136574,0.243727
-0.0225118,0.0105732,-145391e-9,0.00259579
-0.00429288,0.00201688,352061e-9,-0.00628297
0.0266444,-0.0363469,0.0226742,-0.030931
-0.0175732,0.0239733,-0.0171918,0.0234533
-0.0365209,0.0498194,-0.036013,0.0491273
0.0112152,-0.0152998,0.0327818,-0.0447202
0.0300898,0.0451471,0.0201447,0.0302266
-0.00104116,-0.00156228,-0.00106332,-0.00159525
-0.0203137,-0.0304761,-0.0301589,-0.0452486
0.0109145,0.0163759,0.0109065,0.0163638
156963e-13,-419468e-13,759018e-15,733516e-15
0.307019,-0.297982,-0.0411454,-0.0317079
-0.253576,-0.281644,0.012857,0.00937814
14507e-12,484434e-13,298743e-14,170438e-14
-353791e-13,104052e-12,331692e-14,-100562e-14
0.181594,1.05733,0.0160871,-0.00578776
0.64308,0.671772,0.0475169,-0.0219452
-120775e-12,-386167e-13,-10026e-13,526378e-15
0.0661927,-0.18199,-0.111744,0.0894464
0.166443,0.0567176,0.132052,-0.00878361
0.108184,-0.0286484,-0.141425,-0.0275724
0.0834054,-0.0577832,0.0475876,0.118766
-0.0640206,0.00953804,-69002e-9,-0.00189725
0.028313,0.0508303,-48011e-9,50257e-9
-0.122948,0.340306,-0.0156687,-0.0077282
0.437982,-0.00598501,-0.00589475,-0.0182518
0.0444149,0.00891087,472801e-9,-88474e-9
-0.0495464,-0.302433,0.0133794,0.00944135
-0.201857,-0.0958793,-0.108903,-0.067006
-0.0625543,0.138948,-0.0591367,-0.135832
-0.0211195,-0.127406,-0.0194457,-0.12724
0.0430227,0.0766838,0.107174,-0.0950076
0.0039792,0.0745869,0.00157466,-629954e-9
-0.046169,0.020265,710902e-10,316117e-10
0.377544,0.178337,0.00177557,-0.015506
-0.0306871,0.378338,-0.0170062,0.013106
0.0150781,-0.0500529,216921e-9,370923e-9
0.264965,-0.0179887,0.00489491,-0.0176649
0.15784,-0.0379938,-0.143465,0.0276493
0.0391039,-0.185285,-0.0323745,-0.149903
0.060852,0.177186,-0.0199961,0.128979
-0.163047,-0.0185687,0.17019,0.0225094
-684585e-13,-469417e-14,-418913e-14,344491e-14
0.0948706,-0.024559,-0.0031765,0.00675322
0.0737348,-0.0928601,-0.0241025,0.0257186
67317e-12,-165666e-12,630941e-14,248147e-14
-387989e-14,-471001e-14,175057e-14,-250901e-14
-0.0525188,0.0510973,389899e-9,0.00822501
-0.050503,0.0107099,0.0209577,-0.0411692
-249255e-14,-829569e-14,-101347e-15,-534966e-15
-0.0507793,-0.0702053,-0.00335025,-0.0113738
-174995e-13,-123326e-12,-277086e-13,-217384e-13
-123955e-12,10659e-11,295684e-14,-225778e-13
0.14313,-0.0885335,0.00957793,-0.00319904
0.0726162,0.0339378,0.0171529,0.136884
0.0299977,-0.0741476,-0.0269691,-0.165233
-0.0310729,0.0871212,0.120281,0.0268391
-0.0664227,-0.0198099,0.184302,0.0339959
-106212e-13,299603e-13,-205529e-13,-15702e-14
0.0368413,-0.0191706,0.00679544,-760261e-10
-0.0263734,-0.0676547,-0.0179024,-0.0318019
-245876e-13,-764508e-13,896273e-15,-988732e-15
27722e-13,131286e-13,188182e-14,254088e-14
-0.0370039,0.0019222,0.00741688,-0.00174757
0.109362,0.0304291,0.0334263,0.0340841
181373e-14,-398663e-14,-471588e-15,181522e-15
-0.0524792,0.00467334,0.00806772,0.00798554
-601052e-13,-516478e-13,-906272e-14,-275295e-13
-142188e-13,751703e-13,868763e-14,-111248e-13
0.00970892,-0.0935206,-0.00811412,0.00478479
222391e-13,622024e-14,-614876e-13,592381e-13
-0.00680442,-0.0215853,0.0479718,0.0803963
114696e-15,567155e-14,-827149e-13,516942e-13
0.0381188,0.0249069,0.0640531,0.080251
-490417e-13,-693984e-14,88415e-13,200146e-13
-0.113537,-0.00150415,-0.0491176,0.0224113
-800423e-13,509198e-13,535379e-13,685087e-14
-0.033529,0.0602479,-0.00104478,0.0156846
-806915e-14,-355444e-15,13115e-12,-764189e-14
0.060047,0.0225405,-0.00955081,-0.0146622
-0.00761944,-0.00161619,0.00857124,0.0736772
342681e-13,-125527e-13,-349037e-13,-179227e-14
-0.00271371,0.0056211,-0.034634,0.0686487
750444e-14,945572e-14,-339228e-13,366261e-14
0.0818563,0.0875193,0.0484889,0.0192276
-113317e-13,-174203e-13,573452e-14,-595628e-14
0.118674,-0.0312381,0.0241771,-0.0203102
256814e-13,-286038e-13,-438231e-14,-258604e-14
0.00163954,0.00381346,551776e-9,-0.00237405
-198178e-13,3471e-12,963389e-14,-248643e-14
210891e-15,-409676e-14,-232034e-13,49512e-12
0.0127331,0.0395395,-0.0123123,0.479146
-460418e-14,-19859e-13,424861e-13,-325726e-13
-0.0353069,-0.00285853,0.219735,-0.852055
-861684e-15,687581e-15,-130404e-14,-370949e-14
-0.00127587,0.029272,0.0657385,-0.0575907
188302e-15,727056e-15,309544e-14,-217557e-14
-0.0347422,-0.0483617,-0.0823114,-0.0340683
-104409e-13,23205e-16,-235666e-14,-132293e-14
-0.0227167,-0.00903065,-0.0114799,723362e-9
-103279e-13,191632e-13,-453772e-14,287392e-14
-0.149834,0.125656,-0.0361148,0.0784092
25498e-15,544519e-14,-252753e-14,-299697e-16
0.0102133,-0.0260311,-0.0761777,0.0480345
-361359e-14,-130219e-14,-263825e-15,698042e-15
-0.0357862,-0.0316544,0.00565184,0.0262268
0.0315776,-0.0144105,-0.450032,0.692356
345312e-14,-349249e-14,516835e-14,-312977e-13
-0.00306483,-0.0423127,0.703238,-0.398845
162592e-14,385725e-14,-221727e-13,538768e-13
-0.00851812,-0.0037865,-0.0118193,-0.0581735
313943e-14,-146281e-14,-483783e-14,317852e-14
-0.00472842,0.00426399,0.0508564,-0.0260804
-31768e-13,628134e-14,508778e-14,298648e-14
-0.0407743,-0.0783607,-0.0324964,-0.0246889
292527e-15,287593e-14,760104e-15,576759e-16
-0.184175,-0.00272547,-0.0738574,0.0335606
213457e-13,885952e-14,308312e-14,-481306e-14
-0.0407749,0.0214473,-0.0377415,-0.00570576
-328931e-14,349967e-15,543527e-14,-245563e-14
-0.00433672,-0.0321864,-0.00539931,0.00987313
-136834e-14,547503e-14,-132241e-15,-177037e-14
752673e-11,-123274e-10,0.0533016,0.0245328
-0.00119074,-0.00151055,0.0608669,-0.0235222
149865e-10,729313e-11,0.0366981,-0.0374277
-0.0012057,0.0011509,0.00179487,0.0730237
-729542e-14,898884e-14,-124463e-13,-107102e-13
-0.019382,0.0482756,-0.0876897,0.0813163
-0.0222242,-0.0492618,0.00199323,-0.113937
184339e-13,249455e-13,302512e-13,626848e-14
527356e-15,-126465e-14,-189809e-15,-162647e-14
681946e-9,-0.0409014,0.0390297,-0.0791781
-0.0074301,-0.00889293,-0.00622719,-0.0239166
425236e-14,230262e-14,-183729e-14,555103e-14
0.0166074,-0.00247137,-0.00401847,-0.00536579
289889e-13,121052e-13,-647388e-13,267079e-13
-185956e-13,291838e-13,160443e-13,712629e-14
0.00100039,0.0221706,0.0292056,-0.0175192
0.0188374,910721e-9,-0.0274138,-0.433268
-0.0070642,0.0163121,-0.278436,-0.238083
0.00100701,0.0217398,-0.372613,-0.107555
0.0146508,0.00475912,0.356055,-0.203469
801381e-14,-333821e-14,195736e-13,132563e-13
0.0313232,-0.0035483,0.116615,0.0397484
-0.00952946,0.0124728,-0.0614852,0.0317829
244291e-13,-687526e-13,192801e-14,-535004e-13
-10145e-12,101084e-14,-106212e-13,744223e-14
-0.0720174,0.0373022,-0.183588,0.00672309
-0.0320144,0.0801025,-0.143416,0.133412
15392e-15,-958528e-14,119788e-13,-211419e-14
0.00583028,0.00779281,0.0139355,-0.0301248
100633e-13,-719484e-13,328174e-13,79508e-12
737555e-14,-569742e-14,186687e-13,-391397e-17
0.0816384,-0.0489015,-0.104507,-0.0620646
978505e-14,413397e-14,-693452e-15,171871e-14
0.0379204,804052e-9,0.0375961,-0.026457
0.0692269,-0.0573108,-0.00678247,0.0271355
-215299e-14,393321e-14,-222417e-14,207652e-14
0.00343569,-0.0047936,0.0974248,-0.088611
-12762e-12,484231e-14,978349e-13,643965e-13
-0.0115255,0.00272609,0.109484,-0.0919428
-183764e-13,331338e-13,866529e-13,732588e-13
-0.0175874,0.0291556,-0.0115725,-0.0196192
333886e-14,-362956e-13,-168525e-13,468893e-14
0.0616463,0.10439,-0.0962918,0.00369322
-800377e-13,199957e-13,46296e-13,93443e-13
-0.0166092,0.0134905,-0.0225862,0.0183453
183909e-13,705718e-13,-226744e-13,-106294e-13
-401737e-13,33219e-12,117975e-12,-395254e-13
-0.00407995,-0.0050932,-0.0454099,-0.0500884
-277181e-13,-221084e-13,126496e-12,-153244e-13
0.00614294,0.0140191,-0.0575949,-0.0467983
-72546e-12,-226922e-13,-110791e-14,-282938e-13
0.00626424,0.00294956,-0.0137948,0.0101746
-409852e-13,-550428e-14,-67431e-12,-280008e-13
-0.0257827,0.0190367,-0.00125509,-0.00884842
-109653e-13,-246388e-13,-202066e-13,515551e-14
0.0297106,0.0297479,0.019967,0.0199917
-0.00314316,0.0157444,-0.16629,0.253436
-472383e-9,-29411e-8,0.0100705,0.0451355
-0.0184298,-0.00189476,0.162994,0.216236
-215056e-9,431601e-9,-0.0513655,-0.00643756
344307e-14,151142e-13,490884e-14,-230757e-13
921226e-10,-0.00257193,0.00252562,0.00370379
-0.012151,-0.0125395,0.0631637,0.0106336
-189565e-13,-101228e-13,3112e-12,-475858e-14
-156978e-15,317015e-14,-317155e-14,-103042e-15
0.00366048,0.0107145,-0.0266177,-0.0184958
0.0231888,0.0135541,-0.0476753,0.00504351
-132514e-14,-2016e-13,191965e-14,969809e-15
-0.0248914,0.013392,-0.0370889,0.019955
-190339e-13,-612771e-14,607684e-14,245234e-13
16211e-12,141024e-13,-202531e-13,595721e-14
-0.011308,-0.0274308,-0.008365,-0.020291
0.243727,-0.0127596,-0.00289044,0.00161777
-0.609081,0.106698,0.00411832,0.0138089
0.16029,0.0787529,-0.0224612,0.0141233
0.0150532,0.0212481,0.00429134,-0.0022005
0.107943,-0.175558,-0.0186476,-0.014631
-0.0195629,0.0112472,-0.00393977,-0.00369079
0.00477251,0.0829761,-0.0113712,0.0887336
0.143931,-0.0739784,-0.122796,0.0116167
0.00303307,-0.0134808,-0.00106265,-670783e-9
-0.0146661,-0.0135016,259114e-9,999286e-9
-0.0157177,-0.0206723,-0.0116026,0.00451904
-0.0549902,0.0572699,0.0455954,-0.10952
0.0570381,0.00976258,0.0731771,0.00399863
0.00469764,-0.00454424,-21957e-8,0.00112782
-0.0035261,-0.00815304,-418356e-9,0.001068
0.0496466,0.034144,0.00747008,-0.00931728
-774507e-14,169319e-13,-158306e-13,241117e-13
0.0149806,-0.00142604,0.0145643,-0.00138623
-159267e-9,-0.00106989,0.00295663,0.019914
112278e-13,125956e-13,-268697e-14,86294e-13
289876e-9,0.00469809,0.0209627,-0.0147904
-0.0053656,845095e-9,-0.00611856,-0.0220868
-431539e-14,-122065e-13,101862e-13,-118329e-14
0.0123779,0.0074612,0.012722,0.00766879
-457109e-14,-69782e-13,-239302e-14,-347993e-14
-0.037328,-0.0103408,-0.037418,-0.0103655
0.0235908,-0.0220785,-0.0112951,0.00133802
-201149e-13,-951052e-14,-107512e-13,849407e-14
0.0143047,0.0228461,-0.138448,0.117085
0.0185385,-0.0142107,-0.0710812,-0.190117
-0.0095336,0.0178794,414736e-9,-777039e-9
231168e-13,353288e-13,-792613e-15,-441815e-14
0.00463103,-0.0369231,0.00462029,-0.0368355
457091e-14,697792e-14,239298e-14,347987e-14
256852e-13,190921e-13,-162343e-13,336514e-13
-0.00300713,0.0476927,0.00248347,-0.00296429
0.0012502,43669e-8,-0.00228678,0.010641
606498e-9,-754222e-9,-0.0103854,0.00236947
-0.0196596,-0.0294967,-0.0196619,-0.0295002
-0.0131632,0.00123178,-0.0123688,0.00115743
700458e-9,0.00283776,0.00180737,-0.00164096
-0.0101476,0.00271724,-0.28562,-0.176165
0.00269746,-0.0100692,0.394923,0.416016
-830934e-9,-869153e-9,0.015134,-0.00342854
718497e-9,-81824e-8,0.010828,0.0109255
-0.0058755,0.01106,-0.00624796,0.011761
-0.0337694,-0.0506667,-0.0337691,-0.0506662
0.00261082,0.00137202,-596095e-9,-0.0526872
-0.00989772,0.0089761,0.012308,0.00434053
0.00465363,0.0522633,-0.00267322,-0.00115019
-0.00330159,0.00148855,0.0232094,-0.0412042
-118882e-14,108934e-13,23531e-12,-137283e-13
-233627e-13,-455678e-13,315539e-13,-216685e-13
0.0108172,0.00372942,-0.0305304,0.00952079
-0.00330704,-0.00592684,0.0329548,-0.0339795
0.00330416,0.0154636,-0.0435368,0.0127457
-0.00189872,-0.00140499,0.0026053,-0.00122216
0.0117559,-0.00552254,-742418e-9,0.013248
0.00915431,0.0137352,0.00916183,0.0137459
