-0.0497523,0.192487,0.0271907,-0.102953
0.18829,-0.024876,0.326191,0.432002
-0.0194177,0.0388465,0.00169416,-0.029368
-0.15789,-0.136387,-0.100433,0.115686
0.113875,-0.187742,-0.083648,-0.530639
-0.0369312,-0.0358287,-0.0253821,0.023275
-0.184729,-0.361077,0.0550066,-0.0448751
-0.0297768,-0.188232,703483e-10,0.0189761
-0.0695199,-0.0890045,0.013887,-0.0125491
-0.042435,-0.544761,-0.358903,-0.251131
-0.269642,0.455951,-0.121224,0.0567862
-0.0132712,-0.129662,-0.0904009,-0.0613735
0.479774,0.228377,0.402669,0.523668
0.231044,0.43528,0.0931902,-0.0215426
0.112191,0.0519511,0.0910202,0.12011
-0.0738881,-0.151677,0.019337,-0.138561
-0.1294,0.0594106,-180031e-9,-0.0528374
0.0145532,-0.0873256,0.00489504,-0.0316047
-0.267023,0.156889,0.274475,-0.0522184
-0.0829637,0.198295,-0.00466375,-0.220491
-0.0576261,0.0355276,0.0582175,-0.0135288
0.0714295,0.189115,-0.134195,0.277908
-0.24284,-0.0839155,-0.183317,-0.0731685
0.0124565,0.0392202,-0.0305199,0.0581873
0.0550183,0.0387499,-0.0507651,0.0217323
0.0137123,0.00964853,0.00335748,-0.00143763
-0.00289729,-0.00203965,-0.00599566,0.00256664
0.0338013,0.054837,0.00584454,-0.00253734
-0.0782667,-0.126955,-0.0340929,0.0148124
0.0186231,0.0302079,0.00448933,-0.00195023
0.527288,-0.149541,-0.0141194,0.0258069
-0.521995,0.148047,0.0180719,-0.033039
0.116496,-0.0330387,-0.00299968,0.00548255
-0.124609,-0.0234851,0.0358191,-0.0071578
0.10842,0.0204263,-0.0100635,0.00201058
-0.0209503,-0.00394596,0.00707923,-0.00141457
0.0722266,0.279829,0.0408692,0.245443
-0.168245,-0.0989694,-0.234621,0.0777694
0.0134585,0.0583145,0.00607654,0.0529678
0.267023,-0.156889,-0.274475,0.0522184
0.0829637,-0.198295,0.00466373,0.220491
0.0576261,-0.0355276,-0.0582175,0.0135288
0.0505136,-0.0589816,-0.0335784,-0.0361388
0.0125784,-0.0147011,0.00222105,0.00239002
-0.00265886,0.00310612,-0.00396575,-0.00426824
-0.0500747,0.0246721,-0.00488145,-0.00520019
0.115931,-0.0571293,0.0284867,0.0303302
-0.0275848,0.0135936,-0.00375085,-0.00399395
0.0858493,0.467133,0.0325275,0.00513009
-0.0849933,-0.462445,-0.0416412,-0.00656322
0.018967,0.103206,0.00691034,0.00108995
-0.0405616,0.140591,0.0168168,0.0279637
0.035283,-0.122327,-0.00472435,-0.00785668
-0.00681654,0.0236376,0.00332357,0.00552673
-0.103684,-0.337784,-0.0253609,-0.355517
-0.370954,-0.298099,-0.232413,-0.136114
-0.0276533,-0.0628458,-0.0199274,-0.0695553
-0.537141,0.403258,0.489024,-0.188368
-0.13549,-0.162982,0.00669983,-0.291596
-0.0745432,0.0627987,0.0710299,-0.0198318
-0.0210857,0.0485557,0.00339859,-0.00607078
0.00735409,-0.0357259,119928e-9,0.00314432
-0.00539953,0.00963527,676258e-9,-0.00175026
0.129091,0.131457,0.0723848,-0.0410709
0.353541,-0.812038,0.0199748,0.0263477
0.00207438,0.0440152,0.00877678,-0.00718618
0.160843,-0.30354,-0.128469,0.485216
-0.10241,-0.19852,-0.305006,0.015115
0.026238,-0.0392109,-0.0108323,0.0702673
-0.208338,0.0324077,-0.286595,0.0501967
-0.00719807,-0.0720109,-0.145973,-0.234212
-0.0520219,-0.0151329,-0.0597378,-0.00841498
0.0355992,0.0245379,0.00748737,-0.00187706
-0.00685388,-0.0158591,-0.00319139,-725581e-9
0.00994585,0.00519741,0.00204751,-266962e-9
-0.387579,-0.154164,-0.0314395,0.0745154
0.239665,-0.295038,0.0268267,0.0231698
-0.0527426,-0.00702248,-0.00589072,0.00888302
0.00388619,0.00527114,0.0242336,-0.060164
-0.0217409,-0.0295053,-0.0551487,0.13689
0.00287944,0.00390738,0.0131258,-0.0325804
-0.00563198,0.0050391,-0.0432887,-0.038515
0.0315261,-0.0281921,0.0984903,0.0876413
-0.00417498,0.00373383,-0.0234412,-0.0208592
-568292e-13,-32376e-12,-907238e-13,970695e-13
-603636e-14,142044e-13,656011e-13,-718327e-13
570568e-15,-978547e-15,-106889e-14,354573e-14
-0.100891,0.00312049,-0.101312,0.00313842
0.00530846,-164068e-9,0.00528514,-163758e-9
0.00797382,-247108e-9,0.00796066,-246146e-9
0.0112778,-0.0451033,-0.00520991,0.0043048
0.010739,-0.0429076,-0.012836,0.010625
731026e-9,-0.00292835,657502e-9,-545685e-9
-167009e-12,-826183e-13,256047e-12,-164256e-12
160764e-12,135224e-12,-215827e-12,122197e-12
-427155e-13,-297013e-13,48876e-12,-244867e-13
0.0483654,0.0283996,-0.0263871,0.0645138
-0.00327373,-0.00192272,-0.00593319,0.0144844
0.00573055,0.00336483,0.00131261,-0.00320669
0.0205414,-0.0440495,-0.0580139,-0.0521748
-0.00139073,0.00298167,-0.013022,-0.0117232
0.00243376,-0.00521919,0.00288328,0.0025944
-0.00203553,0.215875,-0.00203938,0.216137
171542e-9,-0.0181652,175815e-9,-0.0186534
959748e-10,-0.010186,957339e-10,-0.0101425
139525e-12,804005e-13,525579e-13,-377389e-13
-133406e-12,-629741e-13,-16414e-12,162242e-13
148434e-13,892609e-14,-2557e-12,323821e-14
379889e-12,-868078e-13,-601103e-13,104736e-12
-213215e-12,256714e-13,293949e-13,-28402e-12
501376e-13,-156526e-13,-425104e-14,-132174e-13
0.0584833,0.131866,0.00938002,-0.0426034
-0.0739506,-0.166749,-0.0111708,0.0507107
0.00668573,0.0150712,735581e-10,-337447e-9
439484e-13,154464e-13,389477e-14,26464e-12
-146561e-13,-335129e-13,-202193e-13,-395435e-14
766356e-14,16678e-13,-509279e-17,479086e-14
-0.0332308,-0.00206268,-0.0333268,-0.002068
-0.310608,-0.0192788,-0.311505,-0.0193286
-0.0174284,-0.00108176,-0.0174787,-0.00108455
0.0348357,0.41622,0.0347287,0.415035
198509e-9,0.00237238,197899e-9,0.00236563
0.00650184,0.0776845,0.00648187,0.0774634
-439483e-13,-154463e-13,-389477e-14,-26464e-12
146561e-13,335129e-13,202193e-13,395437e-14
-766355e-14,-166779e-14,509274e-17,-479086e-14
-0.00633571,0.00358296,0.035527,-0.0286658
0.00114153,-0.00185403,-0.0117451,0.0255208
-0.00144724,0.00105007,0.0093039,-0.00486924
-0.00355218,-0.00619447,0.0170638,-0.0477521
0.00103663,0.00396085,-0.0199082,0.0223179
-887626e-9,-0.00196065,0.00212228,-0.0114301
-0.143592,-0.140535,-0.143561,-0.140506
-0.0322728,-0.0315859,-0.0322686,-0.0315818
-0.00769622,-0.00753236,-0.00769081,-0.00752718
-0.0227118,-0.0469798,-0.0285467,0.0395364
-0.00499008,-0.0103255,-0.00437258,0.00605508
-0.00511495,-0.0105801,-0.00657015,0.0091
0.251128,0.245783,0.251125,0.24578
0.188405,0.184395,0.188403,0.184393
0.038074,0.0372636,0.0380735,0.0372631
-0.130339,-0.0252382,-0.314978,0.231352
-0.0231855,0.0103785,-0.0446712,0.0734049
-0.031431,-0.00703684,-0.120379,0.0737262
0.023661,-0.0794907,-0.18539,0.0844166
0.0349105,-0.0353964,-0.217373,0.0300286
0.00374186,-0.0178092,-0.00169683,0.0257328
-0.36434,-0.35658,-0.36439,-0.356639
-0.22561,-0.220802,-0.225786,-0.220984
-0.0826437,-0.0808838,-0.0826363,-0.0808782
-0.00927568,0.0355756,-0.0988053,0.056791
0.00263494,-0.0101075,0.0867593,-0.0498589
-0.00184377,0.00707186,-0.015634,0.00898238
0.0314504,0.00509001,-0.0225219,-0.125568
-0.00893531,-0.0014457,0.0197674,0.110256
0.00625182,0.00101173,-0.00355984,-0.0198673
-0.0396292,0.0108179,0.0897121,-0.113287
0.0483991,-0.0132178,-0.113639,0.143507
694009e-10,-197659e-10,0.0100136,-0.0126424
-76662e-12,363163e-12,-168838e-12,-791946e-13
857214e-13,-311849e-12,153068e-12,347972e-13
-197238e-13,781833e-13,-203493e-13,-160658e-13
101626e-12,431017e-12,376333e-12,139832e-14
19247e-12,-364286e-12,-358502e-12,100588e-12
161477e-13,844784e-13,721798e-13,287141e-14
-0.425315,0.353516,-0.430454,0.357904
0.352073,-0.292637,0.356482,-0.2964
-0.0856406,0.0711839,-0.0865891,0.0719945
0.00603131,0.0285487,-0.093817,0.529032
-0.0076484,-0.0362213,0.0938417,-0.529136
0.00127935,0.00605537,-0.0206527,0.116461
-0.0321396,0.0100405,0.416599,0.238369
0.0407777,-0.0127346,-0.41668,-0.238422
-0.006817,0.00212974,0.09171,0.0524744
-130083e-12,-213903e-12,527617e-13,399708e-13
-229408e-14,439059e-13,-713443e-13,35355e-12
-289325e-14,-404092e-14,-101997e-13,151783e-13
0.00686729,0.00286502,-0.0451557,0.0109679
0.015294,0.00639554,-0.044162,0.010736
-716516e-9,-30085e-8,-0.00250169,606483e-9
0.121682,-0.15299,0.119173,-0.149754
-0.0313667,0.0394479,-0.0300782,0.037787
0.0242752,-0.0305213,0.0237754,-0.0298763
-187028e-12,-379468e-12,-369467e-12,-910016e-13
11642e-11,324819e-12,330643e-12,-108826e-13
-297668e-13,-721172e-13,-727189e-13,-17692e-12
0.0238228,0.0378208,-0.185065,0.272937
-0.0364051,0.0241388,0.661346,0.169271
0.00536706,0.0038038,-0.0443802,0.0251344
-0.0461054,-0.0963038,0.270783,-0.15878
-0.0213526,-0.00226231,0.255196,0.632668
-0.00510126,-0.0130932,0.021864,-0.0403758
0.0443256,0.0202628,-0.0412108,0.031124
0.0068748,0.0031422,-0.00939508,0.00709744
0.0101971,0.00466176,-0.00933405,0.00704935
0.0586356,0.0573827,0.0585501,0.0573087
-0.0621555,-0.0608266,-0.0619128,-0.0606012
0.0128755,0.0126007,0.0128601,0.0125871
0.00513475,0.286414,0.0966483,0.255864
0.117635,-0.206683,0.0573312,0.00119838
-0.0783286,0.0886907,726572e-10,-0.0362416
0.00348799,0.13913,0.0416286,0.1131
0.24667,-0.0278739,-0.306124,0.0051939
0.250261,0.112612,0.0182901,-0.0478504
-0.110426,-0.0803172,-0.0304548,-0.0109861
0.119742,-0.0143973,-0.134904,0.00114413
0.153156,-0.187875,-0.0354056,-0.0320482
-198828e-12,-766969e-13,-236934e-13,180957e-13
137026e-12,-112065e-13,125995e-13,-771422e-14
-0.299504,0.17352,0.0208495,0.02447
-260777e-12,109482e-12,-359001e-14,871091e-14
0.264386,0.108173,-0.0448742,-0.0166307
-0.017177,0.340527,0.0354582,0.00182786
-960494e-13,101794e-12,-283947e-14,-623598e-14
-240287e-12,910814e-13,205179e-13,219352e-13
-0.156529,-0.417953,0.03555,-0.015612
-0.089586,0.144087,-0.00940513,0.00270209
24081e-12,589197e-13,242803e-13,288142e-13
-0.375086,-0.0583223,0.00293118,-0.00619983
-220454e-12,148742e-12,199078e-13,-268205e-13
273813e-12,-226325e-12,-684091e-14,159046e-13
-0.0551715,-0.0962021,0.00270232,0.00155795
-0.611447,-0.330927,-0.0696987,0.00119356
-0.14518,0.610757,0.00477933,-0.285334
0.0649663,-0.312949,0.00576335,0.0906455
-0.297885,-0.161687,-0.0266634,0.00447083
-0.235442,0.554584,0.02507,-0.0738959
-0.717466,-0.100212,-0.238506,-0.0900324
0.366599,0.0405224,0.077964,0.0224783
-0.115105,0.270221,0.00536061,-0.0297854
-0.0174663,0.650537,0.0343087,0.00493019
-76467e-12,347601e-14,180902e-14,22622e-12
-620155e-13,185532e-12,-136508e-14,-379042e-14
-0.0232426,-0.833873,-0.00191097,0.0055025
405897e-13,123828e-12,-155212e-14,-139253e-13
-0.248623,-0.384154,-0.0742984,0.0235202
-0.636824,-0.614401,0.00147856,0.00636424
-107284e-12,-10674e-11,172667e-14,-332036e-14
225383e-12,130227e-12,148826e-13,298373e-13
0.344619,-0.354752,0.0252931,-0.0321316
0.224572,-0.0571004,-0.00966443,0.0142833
-127475e-12,183137e-12,-227227e-14,108225e-13
-0.126716,0.0612902,-0.0248912,-0.0179073
-427083e-12,133831e-12,189008e-13,-194299e-13
-243315e-13,612643e-12,-802108e-14,331978e-14
0.064914,0.227867,-0.0076829,-0.00467071
0.0136358,-0.199648,-0.313012,-0.206786
-0.0689645,-0.177223,-0.517216,0.176283
0.0337194,0.0792905,0.251023,-0.0852806
-0.0170136,-0.0395859,-0.180399,-0.108971
0.169972,0.132332,0.357735,0.443945
-0.202051,-0.0207493,0.49687,0.0863799
0.0850657,0.0112487,-0.242488,-0.0418695
0.0574447,0.0678821,0.168252,0.217727
-0.308649,-0.0408404,-0.227744,0.0648923
-0.0478441,0.343977,0.157826,-0.18321
0.027723,-0.0446201,-0.0122819,0.0193436
-0.0137453,-0.0969026,-0.0283336,0.0368349
-0.122768,0.138987,-0.126579,-0.190595
-0.181013,0.0897105,0.24444,-0.00950606
-0.0222068,-0.0298822,-0.0223466,-0.00241903
0.00474109,0.233671,0.00694692,-0.0412906
0.0681879,0.0783039,0.00172989,-0.00278658
-0.168877,0.0628307,-469775e-9,-0.00188614
-0.223874,0.0832899,-0.00377182,-0.0151077
-0.280459,-0.322035,-0.0110673,0.0178279
-0.227557,0.199982,0.0040464,-0.0723365
0.0372365,0.0987527,-0.0223221,-0.0242327
-0.00369409,-0.00979935,0.0126304,0.0137121
-0.119378,0.104911,0.00199483,-0.0356588
0.233141,0.599922,-0.0351341,-0.0151128
-0.126839,0.00130488,0.00401475,-0.00167194
0.194348,-0.00200294,0.00300517,-0.0012476
0.00298731,0.00767249,-0.00339519,-0.00146001
0.171121,0.0281055,-0.0996645,0.407947
-0.211112,0.0599098,-0.304156,-0.381803
0.0947648,-0.0300945,0.147386,0.185385
0.0355435,-0.0114374,-0.0466846,0.231257
-0.128076,0.135803,0.332677,-0.544658
-0.0458603,0.229855,0.0771411,0.443873
0.0221947,-0.0964979,-0.0378882,-0.216538
-0.0632641,0.0440013,0.165875,-0.259539
0.0604971,-0.262929,0.154407,0.215473
0.389948,0.0924567,0.201643,0.0774926
-0.048238,-0.0367119,-0.019969,-0.00449709
0.0847233,-0.00392628,0.0495174,0.0159427
-0.109856,-0.117289,-0.153026,0.205377
0.0833297,0.217728,0.08168,0.202692
-0.0367494,0.0222542,-0.00470213,-0.0195212
-0.201977,-0.0150366,-0.046134,0.00827666
-0.0731344,0.0524165,-0.0035898,-770268e-9
0.053773,0.200855,0.0014445,-963639e-9
0.0712819,0.266267,0.0115675,-0.00772603
0.300777,-0.215593,0.0229667,0.00492794
-0.153898,-0.212683,-0.0777531,0.0230603
0.117506,-0.0320136,0.0136491,-0.0260763
-0.0116602,0.00317568,-0.00772348,0.0147548
-0.0807353,-0.111575,-0.038329,0.0113676
-0.536638,0.152026,-0.00265372,0.0427312
-0.0123262,0.145856,0.00261622,0.00287214
0.0188827,-0.223487,0.00195507,0.00215106
-0.0068636,0.00194915,-256002e-9,0.00412918
0.0030287,-0.321558,-0.114063,-0.250392
0.261589,-0.125062,-0.243331,0.0957415
-0.024455,0.0289654,0.142911,0.109004
-0.00158383,-0.0297521,0.0233794,-0.0416946
-0.277657,0.0237076,0.306936,-0.025612
0.172185,0.286884,0.00716033,0.233486
-0.0359412,-0.0249369,0.134745,-0.0873192
-0.0255376,0.00380164,0.0351044,0.0403856
0.28054,-0.115455,-0.0464661,0.0183078
-123043e-12,-299504e-13,-190005e-14,118153e-13
-453627e-13,3563e-11,-153127e-13,-447572e-14
-0.311583,0.212177,-0.00165648,0.0487331
13707e-11,160345e-12,264204e-13,555383e-14
0.11752,-0.384508,-0.0437348,0.048262
0.0369731,-0.304675,-0.0131993,-0.0463544
651282e-13,299499e-12,149872e-13,-112543e-14
0.653746,-0.880673,-0.0767408,-0.0866354
-955923e-13,765747e-13,407929e-14,851158e-14
42372e-12,-280851e-13,-25865e-13,-1329e-12
0.269416,-0.349696,-0.0373263,-0.0291128
566983e-13,116573e-12,582286e-14,498229e-14
0.201664,1.0165,0.07872,0.118837
-0.045421,-0.427706,-0.0414538,-0.0145014
219778e-13,473192e-13,271344e-14,156905e-14
321458e-13,211664e-12,-898901e-13,-109237e-13
0.138786,-0.0142272,-0.0211089,-0.0284348
0.0660274,0.0820035,0.00419127,0.0260718
184204e-12,255876e-12,-29501e-12,206733e-13
-0.18049,0.414653,0.0195386,-0.0386737
-342564e-12,163825e-12,-103162e-13,-45292e-12
-143909e-12,672954e-13,372474e-14,116614e-13
-0.0958609,0.272701,0.0297219,-0.0230214
0.0163286,-0.133867,-0.107182,-0.280823
0.139745,0.033445,0.0865404,0.230082
-0.0285407,-0.0391638,-0.174623,346134e-9
0.00597035,-0.0122999,-0.0423961,-0.0120907
-0.116824,-0.00312937,0.336403,-0.00686595
-0.0231897,0.164185,0.219571,-0.00341681
0.0418808,-0.0370566,-0.0523487,0.14695
-0.0110998,-0.00414389,0.0287551,-0.0401077
0.073727,-0.126482,0.0115964,-0.0487528
204123e-13,49863e-12,-412056e-13,501665e-14
-649308e-13,-43896e-12,124838e-13,-360967e-14
-0.18242,-0.00644986,0.0456906,567946e-9
-176044e-12,761239e-13,-479638e-14,-196237e-14
0.0196653,-0.168192,-0.0543318,-0.0436827
0.139355,-0.0940534,-0.00784157,0.0427339
-177461e-12,130483e-12,-127835e-13,-120123e-13
0.441671,-0.224707,-0.117308,-0.00731778
-711363e-13,-264932e-13,773276e-15,-84634e-13
246398e-13,130639e-14,-213075e-14,186152e-14
0.163444,-0.102758,-0.0484465,-0.0115432
-521191e-15,585661e-13,776036e-14,-589516e-15
-0.476563,0.430577,-0.00602997,-0.128206
0.10599,-0.179863,-0.0280023,0.0322756
186266e-14,227418e-13,328258e-14,315388e-15
-201778e-12,146909e-12,-815309e-14,-544435e-13
-0.0632649,0.197808,0.0245206,0.0220964
0.079052,-0.0524284,-0.0263917,-0.00619289
-109749e-12,163804e-12,37618e-12,147731e-14
-0.316126,-0.00603359,-0.0392976,0.00185954
-122536e-14,410911e-13,182187e-13,-202784e-13
-162549e-12,-234111e-13,-112435e-13,-90063e-13
-0.239526,-0.0345511,-0.0285755,0.0191556
0.0544024,0.0592088,0.0100548,0.130331
239007e-13,-905162e-14,-276163e-13,113246e-12
-126638e-13,-441813e-14,529772e-13,-944591e-13
0.00817937,0.026233,-0.416698,-0.49989
-0.0303866,0.0314315,-0.195166,-0.484649
-215361e-13,-191068e-13,-17781e-11,680977e-13
-443895e-14,717193e-14,-165921e-13,135751e-13
0.0219086,0.00836454,0.167288,0.667916
0.0119097,0.0494466,-0.276051,-0.125212
-55537e-12,-352686e-14,351978e-13,148072e-12
226911e-13,-123079e-13,-226205e-13,-198012e-12
0.0336195,-0.0203413,0.253464,0.00553374
-0.0776841,-0.0227526,-0.159004,-0.269947
137755e-13,32919e-14,-144225e-12,-736649e-13
-100738e-13,-241728e-13,180738e-12,182688e-13
-0.0373961,-0.0354701,0.0290431,0.239299
-0.195965,0.0387067,-0.0763495,0.0564118
-135574e-12,505655e-14,425931e-13,60377e-12
-143659e-13,-259517e-13,226329e-14,581447e-14
-0.00877323,0.00173631,-0.0184412,0.0136265
0.00201074,0.00995672,-0.0125985,0.0271365
-920978e-15,481904e-13,-846625e-14,-1892e-12
898549e-15,-515958e-14,839786e-14,221402e-14
0.00482483,0.023867,0.0326412,-0.0702806
0.0908174,0.0138041,-0.0498215,-0.0497963
-102803e-12,-346447e-13,41166e-12,-393159e-13
11112e-11,472319e-13,-544716e-13,501287e-13
0.0364924,0.00554823,-0.00544947,-0.00544968
-322131e-13,247725e-13,986133e-13,-114714e-12
-0.0226698,0.0125891,0.0605369,-0.439817
-0.0117767,0.0224926,0.0556448,-0.665984
-146182e-13,131885e-13,117498e-12,19531e-12
770301e-14,966224e-14,593304e-13,171177e-13
0.0345997,0.0402862,-0.273117,0.456058
0.00739001,0.0190577,-0.338293,0.506916
938896e-14,113898e-13,-452056e-13,-104299e-12
-54342e-12,394879e-13,850703e-13,244876e-13
239412e-9,0.0281226,-0.0341649,-0.228333
-0.05666,0.00595992,-0.180976,-0.240686
-318203e-14,-439872e-15,-160149e-13,251153e-13
-149995e-13,-230226e-13,296578e-13,-452992e-14
-0.0210447,-0.0612829,0.0247967,-0.245505
-0.0153631,0.0310455,0.159546,-0.24469
166808e-13,-280347e-14,-229408e-13,-5388e-11
-168384e-13,-139553e-13,107287e-13,-685767e-14
0.243187,0.17017,0.125606,0.0214643
-0.0156745,-0.0109674,-0.0222605,-0.00380448
-507796e-13,-103926e-13,457916e-14,954672e-15
-427139e-13,630215e-13,151831e-13,638604e-14
0.0643344,-0.0928158,-0.0240888,0.00825796
-0.00278799,0.00402332,0.0463384,-0.0158959
-196612e-13,325999e-13,288578e-14,149066e-13
727199e-13,424166e-13,-172728e-14,14401e-12
0.120838,0.171291,0.00156227,-0.07829
-0.11379,-0.161302,-0.00115302,0.0576386
200632e-14,-419545e-14,-411657e-14,465072e-14
0.117384,-0.0260546,0.850231,0.262579
-816652e-14,160909e-13,-242924e-13,-514147e-13
286313e-14,-686643e-14,881698e-14,208513e-13
0.0443577,-0.0327268,0.30375,0.159689
-0.0609322,-0.135562,-0.279692,0.784067
-29886e-13,692356e-14,333956e-13,-44918e-12
241404e-14,-224476e-14,-12638e-12,185912e-13
0.0086568,-0.0248207,-0.0461166,0.329564
0.16567,0.028458,0.0712454,-0.0198094
126713e-13,-26814e-13,349116e-14,109253e-14
825189e-14,-174609e-14,199187e-14,623431e-15
-0.0771496,-0.0132511,-0.0368959,0.0102597
0.286787,-0.365967,0.0453873,-0.199801
151206e-13,-514091e-13,944098e-14,-920778e-14
-29838e-13,101453e-13,-186308e-14,181712e-14
0.0471886,-0.060214,0.00746869,-0.0328745
-0.0390494,-0.0221448,0.0252593,0.0564621
-404048e-13,-558421e-14,-120309e-14,774662e-14
135512e-13,18731e-13,396271e-15,-255102e-14
0.0200872,0.0113925,0.00104799,0.0023384
-913281e-14,-108881e-13,-533684e-13,-249722e-13
-0.152668,0.00150934,-0.25647,-0.819596
0.0627206,-0.00531139,0.0885323,0.330238
-585045e-14,-286675e-14,-184655e-13,-132423e-13
-108922e-13,137815e-13,254916e-13,-488725e-13
-0.0636393,0.00459297,0.592948,-0.602465
0.0262741,0.00935868,-0.227702,0.251818
-30747e-13,445733e-15,602908e-14,-211938e-13
-604961e-14,-189236e-13,-48531e-13,64971e-14
0.0695922,0.0846516,0.0499505,0.0236019
0.0453195,0.0551279,0.0284989,0.0134673
281738e-14,881239e-14,251333e-14,-336509e-15
-54013e-12,-101164e-13,-479823e-14,126901e-13
0.444937,-0.0871763,0.160369,-0.118104
-0.0878047,0.0172049,-0.0316473,0.0233075
-888709e-14,-166474e-14,-789531e-15,208796e-14
-192792e-15,530211e-14,-114188e-14,-393329e-14
-0.115806,-0.325102,-0.0341045,0.113375
0.0388381,0.109036,0.0112321,-0.037335
992762e-16,-272751e-14,-474098e-16,-16293e-14
0.00162252,0.00135143,-0.152361,0.0991744
0.00104649,-0.00300985,-0.100565,-0.0228127
0.00678625,-0.0195181,-0.412753,-0.09365
-0.0120689,-0.0100633,0.202189,-0.131611
0.0010331,-0.00151037,-0.0469527,-0.198012
0.0035718,874169e-9,-0.0494992,0.0776919
0.0231622,0.00566863,-0.203177,0.318867
-0.00769373,0.0112356,0.0623115,0.262771
0.0219715,-0.125351,0.171283,-0.242569
100793e-13,-932886e-14,163566e-13,827553e-14
-504358e-14,-275365e-14,101029e-13,-212527e-13
0.00391495,-0.022338,0.0108753,-0.0154004
-798801e-13,-670934e-13,-846883e-13,-446129e-14
0.0559793,0.0764445,0.0379523,0.196508
-0.0134195,-0.0183268,-0.001628,-0.00844623
710822e-14,164978e-14,408131e-14,106068e-13
-0.0104328,-0.053793,0.026941,-0.105627
163648e-14,-864996e-14,-357638e-14,-106185e-13
837696e-15,-442729e-14,-165521e-14,-491484e-14
0.00602011,0.0310338,-0.0175753,0.0689112
620953e-14,183927e-14,-803978e-15,717307e-14
-0.0585449,-0.0460509,-0.0755762,-0.151403
-0.0299642,-0.0235708,-0.034979,-0.0700769
-358245e-14,-106098e-14,524405e-15,-467977e-14
-987868e-13,-259979e-13,16585e-11,-102937e-12
-0.0516718,0.0192128,0.0245716,0.0215409
0.0240883,-0.00895727,-0.0322125,-0.0282265
566768e-14,933452e-14,869972e-14,-399868e-13
-0.0237504,-0.091743,-0.0890466,0.0827253
363039e-13,-481419e-13,-162701e-13,-220008e-14
-141755e-13,137048e-13,166577e-13,-170902e-13
0.00576678,0.0222695,0.0255461,-0.0237353
-0.153946,0.126071,-0.438208,0.109497
-230799e-13,73319e-13,-210769e-13,225628e-13
380813e-14,-120984e-14,347754e-14,-372292e-14
-0.0302919,0.0248061,-0.086225,0.0215442
-482514e-14,-230171e-13,277413e-13,-111763e-13
-0.0350573,0.201874,-0.268363,0.381332
0.00578363,-0.0333092,0.0442782,-0.0629204
-949359e-15,-452902e-14,545862e-14,-219906e-14
-0.0213723,0.0253948,-0.104961,0.00814652
0.0669087,0.0236042,0.224389,0.197905
-0.0329843,-0.011636,-0.11783,-0.103922
-0.0121251,0.0144078,-0.00985661,765978e-9
0.0236576,0.0163593,0.0310633,-0.11368
-0.0198236,0.079438,0.234066,-0.129038
0.00977229,-0.0391609,-0.122911,0.0677598
0.0134221,0.00928104,0.00291605,-0.0106757
-0.0244641,-0.00439672,0.100455,-0.049316
-190976e-13,-613155e-15,190432e-14,373196e-13
204308e-13,101753e-13,389887e-15,-178953e-13
-0.0477402,-0.00859271,0.00409294,-0.00200861
-107865e-13,763945e-14,-249847e-13,-146982e-13
-0.0237861,0.0172472,-0.00307368,0.00964036
-0.0627765,0.0455366,0.00741624,-0.0232452
-117067e-13,814751e-14,-204101e-14,-238095e-14
484911e-14,80294e-13,576233e-13,-216183e-14
-0.0301827,-0.0822182,-0.0105859,-0.0288426
-0.00146002,-0.004019,0.0014584,0.00396757
508566e-14,131433e-13,693046e-14,145664e-14
107786e-9,-270777e-10,-0.030934,0.00786949
-260913e-13,571032e-13,-466363e-13,-258185e-13
621892e-13,359858e-14,224431e-13,104346e-13
0.00567649,-0.0014416,-0.00912267,0.00232042
-273782e-13,623862e-13,-470149e-12,-403909e-13
0.0188925,-0.00881653,0.137203,-0.283994
-0.00255417,0.00322273,0.0849756,-0.0524102
-984697e-14,128672e-13,-258261e-12,-213831e-12
-50535e-12,-106263e-13,-694986e-13,160988e-14
-0.00278969,0.0215447,0.170002,-0.162163
0.00279423,-0.00782676,-0.210863,0.101565
-219023e-13,229566e-14,-215188e-13,271332e-12
208428e-13,-111634e-13,-157711e-12,-169329e-12
0.011029,0.0427226,-0.0987621,-0.394342
0.00503412,-0.024943,0.0991166,0.26312
770585e-14,292697e-13,588742e-13,-436112e-13
210634e-13,-762955e-13,-112912e-12,-518577e-13
0.0372068,-0.00252767,0.375329,-0.0152548
-0.0400452,0.0158952,-0.25478,-0.0245279
-487306e-14,-540937e-13,-346097e-13,122619e-12
-109893e-14,-516616e-13,-213938e-13,-324592e-14
-0.0395767,0.113851,-0.0647729,-0.0707619
-0.0112262,0.0322878,-0.015369,-0.0167927
695772e-13,266853e-13,-629044e-14,-654869e-14
-181522e-13,-300125e-13,-929244e-14,-584457e-13
0.0305751,0.01048,0.00278928,953947e-9
-0.00917771,-0.00314539,0.00448303,0.00153502
-939763e-14,-196184e-13,145412e-13,-412237e-13
-979404e-13,-668021e-13,234762e-13,-177269e-13
-0.07675,0.0948436,-0.05108,0.063139
0.101151,-0.124988,0.0781467,-0.0965841
-795443e-14,-317876e-14,166552e-13,281003e-15
0.0118233,0.0516859,0.56219,0.319094
-105271e-13,493979e-13,118113e-12,-114356e-12
9083e-13,-441846e-13,-117175e-12,279812e-13
0.00561775,0.0165531,0.00571837,-0.0550176
-0.0147297,0.0153597,0.0168007,-0.1772
-136486e-14,217589e-13,23776e-11,-557743e-13
-281156e-13,-18845e-12,257681e-14,566004e-13
-0.00931589,0.00329165,0.162677,0.233433
0.0196606,0.00753197,-0.11943,0.137652
301165e-13,-101317e-12,-222856e-13,-241327e-12
23437e-12,-936939e-14,-5231e-11,254355e-12
0.00254466,0.0160375,0.0599713,0.074993
-0.0230759,-0.0371061,0.0757671,-0.146992
813986e-13,510723e-13,159465e-12,102016e-12
418414e-14,-389053e-13,-221292e-12,-105141e-12
-0.0233769,-0.0247629,0.1033,0.026757
0.0324442,0.00765673,-0.0371577,0.0417706
-19326e-11,-369101e-13,-256017e-13,-939073e-13
691592e-13,-316168e-14,-432638e-14,-79864e-13
0.0410054,0.00968735,-0.0170947,0.0192159
-0.00735117,0.0317323,-0.0199985,0.0863066
-341036e-14,589537e-13,637076e-14,958003e-14
44196e-13,-354387e-14,-553317e-14,-905975e-14
-0.00119194,0.00513674,843865e-9,-0.00370161
-0.0775955,-0.0505879,-0.069878,-0.0455496
-123527e-12,-944764e-13,-69123e-12,310561e-13
103286e-12,106131e-12,902323e-13,-429453e-13
-0.0190775,-0.0124333,-0.0247569,-0.0161379
0.00380251,0.00138742,0.0533027,0.116912
419755e-9,0.0374975,-0.231479,0.592547
-399099e-10,-0.00359905,0.00279187,-0.00713344
-0.00327864,-0.0011921,0.0815217,0.178816
885663e-9,-0.00339399,-0.14333,0.0120058
-0.0430316,0.00456943,0.428513,0.37328
0.00413025,-438143e-9,-0.00515714,-0.00449814
-760092e-9,0.00292608,-0.21922,0.0183583
0.0133376,0.0766256,-0.150823,-0.144534
153314e-13,372123e-14,-316679e-13,-194582e-13
-480791e-14,-659874e-14,-124561e-14,322857e-14
0.00985038,0.0565749,-0.142637,-0.136688
733372e-13,262415e-13,-170493e-13,651893e-13
0.0582021,0.039214,-0.0921785,0.00382666
-0.00644034,-0.00433668,0.0371516,-0.00154358
968295e-13,307531e-13,-248595e-13,707625e-13
-0.060763,-0.101944,0.316901,0.133614
-11432e-13,-714259e-14,290567e-14,-515164e-15
458884e-16,287955e-15,150671e-14,-26721e-14
-0.0200851,-0.0336949,0.106464,0.044886
140032e-13,-812615e-15,-220022e-13,-587382e-14
-0.0580794,-0.0193004,0.0423929,-0.013748
0.00234062,779605e-9,0.0219828,-0.00712993
462844e-14,-268746e-15,-739167e-14,-197321e-14
74198e-12,-454314e-14,-582962e-13,-149679e-12
-0.0629542,0.0532175,-0.070656,0.0597373
0.0222611,-0.0188185,0.0168876,-0.0142735
969525e-13,285645e-14,-494232e-13,-164474e-12
0.0434708,0.0636607,0.0676911,0.0991019
332275e-13,-482306e-13,-24605e-12,-295313e-13
-166328e-13,33921e-13,406947e-14,-435362e-14
0.0687272,0.100635,0.0908218,0.132956
-0.0841759,-0.0748682,-455856e-10,0.0514438
0.372552,0.183701,0.257073,0.0915083
0.0979359,0.0812736,-0.00891304,-0.0442485
0.0316411,-0.0734296,-0.024485,0.00755822
-0.144531,0.250728,461539e-9,0.0103925
0.0176419,0.280089,0.0916573,0.254075
0.106642,-0.254159,0.00969678,-0.0142874
-0.0461753,0.152591,0.00940218,-0.0263854
0.098534,0.213455,0.00316339,-0.00440278
-0.00522451,-0.00876487,-0.00105836,972998e-9
0.174369,0.134222,-0.00547801,508195e-9
-0.0430094,0.032555,0.00465197,-0.00230162
0.24184,-0.0169702,0.00856375,0.0179034
-0.0295927,-0.0250069,0.00376458,0.00255517
-0.203046,-0.0218442,-0.00659283,-0.015167
0.00944262,-0.14435,0.00212585,0.00219494
0.372009,0.222662,0.135246,-0.0482283
-0.913341,0.534764,-0.0471687,0.0422607
-0.363138,-0.217025,-0.139867,0.055879
0.0246236,0.180421,-0.0061044,-0.0190714
-0.0551563,-0.69327,0.0699156,0.12772
-0.56383,-0.381757,-0.0807075,0.00452007
0.0390693,0.683288,-0.0639215,-0.133433
-0.120185,-0.428105,-0.00958747,0.00715057
-0.505974,-0.383167,-0.00535503,0.0104083
0.0215213,0.0167929,593013e-9,-0.00144836
-0.389167,-0.342136,-0.00777779,0.0109128
-0.0404978,-0.00619661,0.0021238,-0.0016629
0.0816141,-0.0391816,0.0236913,0.0138835
0.03057,0.0655546,-0.00663638,-0.00196985
-0.0144659,0.11388,-0.0226823,-0.0127917
0.21842,0.320847,-0.0013394,277973e-10
-0.0917149,0.0113534,0.134125,0.032613
-0.0589471,0.129092,0.00333675,-0.140476
0.107511,-0.0240232,-0.120248,-0.0403929
-0.0264983,-0.00478848,0.039562,0.0226759
0.0999175,0.105547,-0.0168369,0.15377
-0.151627,-0.0483662,-0.118874,-0.0398585
-0.0981359,-0.113498,0.00574127,-0.141305
0.0431675,0.0381922,0.0059802,0.0493925
0.0490639,0.0345509,-0.0260946,0.0111722
-0.00584319,-0.00410919,-0.00462714,0.00198123
0.236507,0.166536,-0.0192291,0.00822987
-0.147583,-0.103922,0.0184983,-0.0079184
-0.115991,-0.188162,-0.0226477,0.00983918
-0.20092,-0.325928,-0.0415444,0.0180496
0.0329803,0.0535005,0.00563525,-0.00244715
-0.0599807,-0.0973013,-0.0118259,0.00513784
0.320493,0.0812873,-0.0273317,0.0264785
189454e-9,500475e-10,-0.00202541,0.0019621
-0.367567,-0.0932311,0.0368801,-0.0357298
0.0466478,0.0118286,-0.00149818,0.00145077
0.0147202,0.0136127,-0.0016876,0.00137159
0.567843,0.52496,0.0579614,-0.0470676
-0.0217097,-0.0200655,-450899e-9,365744e-9
-0.0147091,-0.0136044,-0.00175,0.00142071
-0.154356,0.0437754,0.00385395,-0.00704322
-0.175213,0.0496937,0.00916551,-0.0167577
0.181434,-0.0514529,-0.00442527,0.0080871
-0.0186669,0.00529385,260848e-9,-475738e-9
-0.103844,-0.0195957,0.017698,-0.00353762
-0.0526388,-0.00990197,0.0134082,-0.00267929
0.0793886,0.0149799,-0.0142217,0.00284244
0.0445307,0.00840798,0.00418369,-835635e-9
0.0790431,0.149003,0.0813959,0.098415
-0.104492,-0.05565,-0.147274,0.054746
-0.0789942,-0.16134,-0.0847602,-0.0840998
0.0331252,0.0530804,0.0378051,0.0241954
0.0917149,-0.0113533,-0.134125,-0.0326131
0.0589471,-0.129092,-0.00333673,0.140476
-0.107511,0.0240232,0.120248,0.0403929
0.0264983,0.00478852,-0.039562,-0.0226759
0.0450399,-0.052599,-0.0172612,-0.0185759
-0.00535791,0.00626471,-0.00306087,-0.00329389
0.217097,-0.253548,-0.0127174,-0.0136895
-0.135473,0.158217,0.0122351,0.0131688
0.171822,-0.0846637,0.0189229,0.0201485
0.297625,-0.146656,0.0347126,0.0369594
-0.0488547,0.0240726,-0.00470731,-0.00501376
0.0888516,-0.043781,0.00988107,0.0105208
0.128317,-0.359324,-0.0305057,-0.0150022
779761e-10,-212261e-9,-0.00226055,-0.00111177
-0.147169,0.412101,0.0411638,0.020243
0.0186733,-0.0523,-0.00167163,-822529e-9
-0.0129485,0.011585,0.00208279,0.00126021
-0.499364,0.44691,-0.0714915,-0.0432976
0.0190875,-0.0170867,555704e-9,336976e-9
0.0129405,-0.011576,0.00215811,0.00130741
-0.0251305,-0.136747,-0.00887755,-0.00140063
-0.028529,-0.155224,-0.0211206,-0.00332817
0.0295373,0.160735,0.0101933,0.0016083
-0.00303898,-0.0165373,-599819e-9,-951425e-10
-0.0338309,0.117161,0.00830983,0.0138164
-0.0171136,0.0593925,0.00629486,0.0104677
0.0258625,-0.0895695,-0.00667731,-0.0111026
0.0145127,-0.0502407,0.00196387,0.00326631
0.090812,-0.0889732,0.299648,-0.223913
0.243913,0.0143493,0.464545,0.46
-0.0892285,0.0811303,-0.326978,0.240631
-0.0263764,0.00644515,0.211456,-0.0717801
0.0416619,0.131825,-0.469329,0.203727
0.140183,-0.233101,-0.212753,-0.597952
-0.0397962,-0.133876,0.461705,-0.200327
626534e-9,0.0121726,-0.286046,-0.0293152
-0.103857,0.0587749,0.0994561,-0.145276
0.00183036,0.00384798,125529e-9,0.00320976
-0.10942,0.0666377,0.112496,-0.114917
-831839e-9,-0.00308856,-0.00729738,-0.0100168
0.134213,-0.16524,0.0983096,0.0482475
0.00579906,-0.00273532,-0.004539,0.00359498
0.116042,-0.18834,0.101917,0.00842508
0.00868314,0.00514479,-0.00335521,0.0137168
-0.0584327,-0.185482,-0.01366,-0.0285693
0.0793692,-0.944605,-0.0406017,0.0343673
0.0772291,0.147618,0.0127491,0.0379732
-0.0523845,-0.282757,-0.0166635,-0.0244831
0.611185,0.257094,0.0394165,-0.0157878
-1.07802,-0.603851,-0.0282986,0.0515115
-0.614885,-0.265195,-0.0374293,0.0167127
0.108811,0.0777528,-0.00360672,-0.00778039
0.0468978,0.0623038,0.0647596,0.0498447
-0.14904,-0.0514128,-0.029233,0.0130921
-0.0522317,-0.0639392,-0.0651704,-0.0503859
-0.0755921,0.0177485,0.0282411,0.0244105
-0.0118602,0.129354,0.0173988,-0.00719999
0.00315064,-0.00513914,56079e-8,734784e-10
-0.0846384,0.260722,0.00704982,-0.012228
-0.00482442,0.0145918,478338e-9,-495264e-9
0.0750615,-0.00945954,-0.248413,0.209026
0.10753,0.034968,0.400451,0.588717
-0.0685982,0.0249981,0.252672,-0.239674
-0.00130896,-0.00779968,-0.101483,0.200613
-0.0574976,0.0518771,0.466688,-0.111758
0.0641585,-0.0847362,-0.0681475,-0.703408
0.0567946,-0.0455962,-0.468193,0.100197
-0.0317106,-0.00503647,0.20178,-0.196719
-0.00565672,-0.0266546,0.0865487,0.0915664
-601685e-9,0.00375008,0.0030364,-0.00454334
-0.0161486,-0.0579559,0.0441909,0.0964387
0.00310864,0.0109,0.014069,-0.00371648
0.0883543,-0.0739469,-0.127416,0.117913
840262e-9,-0.00123396,0.00260571,-536881e-9
0.13741,-0.0392414,-0.0970443,0.130041
-0.0169347,-0.0142997,-0.0103976,-0.00730179
0.193264,-0.0563315,0.0243944,0.0179308
0.0911807,-0.38837,-0.0501973,0.0298967
-0.226577,0.0365638,-0.0344014,-0.0189541
0.207679,-0.0957544,0.0190925,0.0198402
0.0462033,0.418336,-0.0382155,-0.00236556
-0.276089,-0.510532,0.0367821,0.0437135
-0.0549452,-0.41098,0.0366893,0.00404668
0.0496092,0.0261315,0.00135117,-0.0094311
0.0343409,-0.134462,-0.0782236,-0.00790139
-0.0714866,0.079709,0.00606932,0.0300854
-0.0368467,0.136831,0.0789048,0.0077835
-0.024998,-0.063498,-0.0363083,-0.00145243
-0.121392,-0.00117784,-0.00503714,0.0180942
-187674e-9,-0.00285365,125227e-9,604743e-9
-0.130988,0.0634372,-0.0108146,0.00668775
-0.00717215,0.00364396,-418128e-9,476857e-9
-0.0036345,-0.00493058,-0.0232326,0.0576739
-0.0264225,-0.0358584,-0.141507,0.351276
0.014409,0.0195538,0.0818746,-0.203251
-0.00752122,-0.010207,-0.0423491,0.10513
0.00526809,-0.00471276,0.0414964,0.0369229
0.0383143,-0.0342629,0.252742,0.22489
-0.020893,0.0186845,-0.146239,-0.130121
0.010906,-0.00975299,0.0756409,0.0673039
-102927e-13,-394677e-14,-821179e-13,715054e-13
-57246e-12,-534943e-13,-625829e-13,290075e-13
-146916e-13,337027e-13,764631e-13,-52168e-12
196745e-13,-682171e-14,-124217e-13,201976e-14
-0.0275042,853501e-9,-0.0342194,0.00105995
0.116427,-0.00360272,0.116446,-0.00360547
0.0340723,-0.00105397,0.0271595,-838618e-9
-0.0341416,0.0010577,-0.0340419,0.00105289
487031e-13,590138e-13,258292e-13,-545836e-13
-177417e-13,-139339e-13,-178144e-13,372123e-13
-913566e-14,-50971e-12,-103767e-13,100547e-13
263429e-13,199184e-13,228342e-13,-460177e-13
-0.0332759,0.010409,-0.0262295,0.00820414
-0.0643273,0.020118,0.00684511,-0.00214256
-0.0131021,0.00409613,-0.024379,0.00762599
0.0104124,-0.00325593,0.0108982,-0.00340896
0.0103987,-0.0415628,-0.0171514,0.0141957
0.0143014,-0.0571567,-0.0399354,0.0330532
0.00253838,-0.010155,0.00691513,-0.00572934
-0.001868,0.00746526,-0.00128209,0.00106426
-142948e-12,-629964e-13,144277e-12,-914205e-13
-266897e-12,-145424e-12,189076e-12,-108705e-12
116885e-12,753336e-13,-143673e-12,111753e-12
201296e-13,142826e-13,116259e-13,-253123e-13
-0.0183994,-0.0108018,0.110812,-0.270835
0.00444361,0.00260969,0.00237698,-0.00579788
-0.0246987,-0.0145041,0.0231969,-0.0567009
-0.0176227,-0.0103472,0.0692441,-0.169242
-0.00781271,0.0167574,0.243534,0.219072
0.00188762,-0.00404711,0.00521141,0.00469488
-0.0104911,0.0224949,0.0509863,0.0458616
-0.00748406,0.0160501,0.152183,0.136895
441152e-9,-0.0469375,458404e-10,-0.0047668
-187514e-9,0.019792,-191815e-9,0.0204172
-491897e-10,0.00529059,-436854e-9,0.0461444
126186e-9,-0.0134228,126951e-9,-0.0134081
604653e-13,170909e-13,270863e-13,-274882e-14
101452e-12,799382e-13,-22957e-13,268277e-13
-126949e-12,-674235e-13,-108113e-13,-107704e-13
-263868e-13,-234706e-13,985146e-14,-138655e-14
-0.0492368,-0.13254,-0.0343084,-0.0923554
0.00463745,0.0124924,0.003621,0.00975393
0.00667997,0.0179832,-0.0105074,-0.0282877
-0.0190084,-0.0511689,-0.0160452,-0.043193
-349801e-14,-184834e-13,28202e-13,-162274e-13
521649e-13,-259725e-13,-111758e-13,-455141e-13
85386e-13,161652e-13,815674e-14,216818e-13
301343e-14,-159446e-14,-577612e-15,-379646e-16
268597e-13,637737e-13,-221401e-13,-757827e-14
447049e-13,580626e-13,-98951e-13,458161e-13
-451678e-13,-724123e-13,990587e-14,-375634e-13
-122234e-13,81528e-13,-606305e-14,-335178e-13
0.0700667,0.157997,0.0157444,-0.0714822
0.0716861,0.16162,0.0110283,-0.0500839
-0.0869024,-0.195958,-0.0130156,0.0590777
909579e-9,0.00205568,0.00318802,-0.0144766
138799e-9,500268e-9,0.0193131,-0.0208072
0.0195333,0.0705983,0.520608,-0.56101
547134e-9,0.00198104,-0.0138871,0.0149696
-603973e-9,-0.00218185,-0.0140339,0.0151294
-55957e-8,213972e-9,-0.0116756,-0.0225133
-0.0789747,0.0301352,-0.314835,-0.606912
-0.0022162,844499e-9,0.00840218,0.0161907
0.00244069,-931666e-9,0.00849235,0.0163623
235701e-13,211037e-13,-129142e-13,774094e-14
510991e-13,453159e-13,-842687e-14,512382e-13
-109072e-13,-187107e-13,17226e-12,-103119e-14
-890739e-15,-211133e-14,-149813e-14,-354651e-14
0.0241502,0.0083856,0.013411,0.00465429
0.00684507,0.00237812,-0.0633163,-0.0219812
0.0257754,0.00894924,0.0327228,0.0113622
0.0107472,0.00373164,0.0104755,0.00363621
137474e-13,113788e-13,558538e-14,715424e-14
-371994e-14,-845762e-14,-509963e-14,-101199e-14
-137962e-13,-114372e-13,-561822e-14,-717545e-14
29166e-13,271488e-14,138575e-14,146604e-14
0.0638588,0.0039664,0.0640432,0.00397664
-0.0782875,-0.00485914,-0.0785136,-0.00487169
-0.0643026,-0.00398834,-0.0644882,-0.00399864
0.0169611,0.00105274,0.01701,0.00105546
-0.0579933,0.0829286,0.0378713,-0.0128082
-0.10802,0.154469,0.109399,-0.0370127
0.0415202,-0.0593738,-0.0288514,0.00975797
-0.0108868,0.015567,0.00549911,-0.00185898
515887e-13,-246549e-13,161643e-13,-105695e-13
111619e-12,-290784e-13,440892e-13,553198e-14
-476138e-13,-7912e-12,-183751e-13,147482e-13
-464829e-15,-110193e-13,103953e-14,-121404e-15
0.0363583,0.0376682,-0.23596,0.303689
0.0020638,0.00213808,-457064e-9,591684e-9
-0.0270153,-0.0279879,0.205595,-0.264602
0.00152169,0.00157578,-0.029683,0.0381977
0.0295204,-0.0344496,-0.230882,-0.363357
0.00167559,-0.00195545,-450805e-9,-705038e-9
-0.0219339,0.0255971,0.201164,0.316596
0.0012349,-0.00144175,-0.0290385,-0.0457071
-0.00846524,0.0292628,0.00530743,-0.0183471
-0.00298379,0.0103213,-0.00389692,0.0134803
-0.0273663,0.0945914,-0.0392619,0.135706
0.012782,-0.0441814,0.0151832,-0.0524801
-12128e-12,-50776e-13,-185751e-13,-856406e-14
442701e-13,398441e-13,142594e-13,177252e-14
579149e-13,533912e-13,419329e-13,-629422e-14
-51023e-12,-50376e-12,-201668e-13,294265e-14
0.00816759,0.0976153,0.0081425,0.0973374
302131e-10,360917e-9,301203e-10,35989e-8
-0.00819272,-0.0978591,-0.00816755,-0.0975806
0.00160787,0.019211,0.00160293,0.0191563
-137474e-13,-113788e-13,-558538e-14,-715424e-14
371994e-14,845762e-14,509964e-14,1012e-12
137962e-13,114372e-13,561821e-14,717544e-14
-291659e-14,-271488e-14,-138575e-14,-146604e-14
103699e-14,-188843e-13,104573e-13,469322e-13
698167e-13,317526e-13,-286356e-13,218872e-13
704332e-13,354085e-13,-528672e-13,287651e-13
-581151e-13,-301645e-13,316388e-13,-326139e-13
-0.00567688,-0.0388811,-0.0216145,0.0406195
0.0117795,0.0804257,0.0154233,-0.028997
0.011945,0.0817532,0.0330416,-0.0620943
-0.0118669,-0.0811514,-0.0190502,0.0357995
-0.00170937,0.0117264,-0.196565,0.157808
74035e-8,100981e-9,-0.0120252,0.0120758
0.0029775,0.00424878,-0.282211,0.293066
-0.0023466,0.00487943,0.0335921,-0.0585812
-0.00788511,-0.00313681,0.444123,-0.23649
-0.00115749,-0.0015836,0.0217254,-0.0104948
-0.00804838,-0.0085515,0.488237,-0.230545
-920867e-9,0.0020655,-0.00489978,-0.0113706
0.00242752,0.0214382,0.142424,0.153912
0.0634628,-0.0215456,-0.106106,0.716548
-0.00695279,-0.0159593,-0.110351,-0.176114
0.0122149,0.0134824,0.103329,0.250692
-0.00612602,-0.0513594,-0.170715,-0.0820402
0.030878,0.0282476,-0.612123,0.399333
0.00263006,0.0400593,0.18284,0.0404164
156205e-9,-0.0360908,-0.247509,-0.00294318
0.00353467,0.00345904,0.003479,0.00340556
-0.00488492,-0.00478151,-0.00497877,-0.00487225
-0.00356711,-0.00349065,-0.00338724,-0.00331561
-223785e-9,-219286e-9,-310045e-9,-303135e-9
0.0513252,-0.0159643,0.0459836,-0.0143031
0.0111807,-0.00348025,0.0144602,-0.00449895
0.0409865,-0.01275,0.0411585,-0.0128032
-360334e-10,118035e-10,-458268e-9,143045e-9
0.0113687,-0.0117217,-0.063145,-0.0178119
-0.00671187,0.00691891,0.0108538,0.00306331
-0.00629973,0.00649505,-0.0296678,-0.0083681
0.00511354,-0.00527235,-0.0114008,-0.00321656
0.0318461,0.0658764,0.0293928,-0.0407056
0.0124465,0.0257454,0.00564778,-0.00781547
-0.0367437,-0.0760056,-0.0371136,0.0513999
0.0109633,0.0226792,0.00410176,-0.00567587
0.00357909,0.0343903,-0.432599,0.37924
-0.0368959,-0.0639701,0.855103,-0.473176
-0.00221159,-0.0344016,0.425235,-0.385444
0.00791454,0.0058568,-0.0978181,0.0244243
0.0409308,-0.0133632,-0.337227,-0.419463
-0.0321362,-0.0149175,0.754284,0.583596
-0.0429359,0.0151672,0.327464,0.423569
-0.0036584,0.00733222,-0.0957091,-0.0403754
-0.0118842,0.0413176,-0.0117847,0.0409705
0.00413789,-0.0143835,0.00306092,-0.0106339
-0.0133603,0.0464536,-0.0149564,0.0520036
-116914e-9,404798e-9,101999e-10,-374941e-10
-0.00363426,-0.0035573,-0.00363422,-0.00355726
-0.00326555,-0.00319604,-0.00326551,-0.00319601
0.00359083,0.00351401,0.00359078,0.00351396
-510564e-10,-499689e-10,-510558e-10,-499683e-10
-0.00117656,0.00162715,-0.0256098,-0.00336235
0.140642,-0.194556,-0.194661,-0.0256101
-988705e-9,0.00136841,0.0294796,0.00387168
-0.0035302,0.00488342,0.00425863,560695e-9
0.0423692,-0.0143114,0.10369,0.0445659
-380063e-9,0.0390336,-0.121572,0.0416224
-0.0420282,0.0144095,-0.0997262,-0.0460738
0.0197096,-0.00385514,-0.00311084,0.076498
-0.104825,0.00797307,0.0415632,-0.112235
0.0142471,0.0146359,-0.116604,0.0806914
0.104054,-0.00782844,-0.037652,0.109687
-0.0478075,0.00476773,-0.0575281,-0.0388356
-0.0216092,0.0218774,0.00260968,0.00854291
-0.00806116,0.00816436,-0.00283486,-0.00927734
-0.0457706,0.0463414,-0.00468524,-0.0153384
0.00827732,-0.00838154,0.00210729,0.00689882
0.0842143,-0.0402472,0.0531404,-0.0253934
-0.0580285,0.0277296,-0.0368809,0.0176222
-0.0666489,0.0318528,-0.0447034,0.0213611
0.0545009,-0.0260437,0.0153527,-0.00733563
-0.00367072,0.0140766,-0.067338,0.0387285
-0.00344239,0.0132032,-0.0392931,0.0225622
0.00452827,-0.0173638,0.0892988,-0.0513608
-0.00109024,0.00418309,0.0398833,-0.0229449
0.0124444,0.00201446,-0.0153738,-0.0855864
0.0116722,0.00188894,-0.00893193,-0.0499274
-0.0153504,-0.00248522,0.0203896,0.113499
0.003698,598156e-9,0.00911299,0.0506942
-0.0571822,0.0156185,0.134109,-0.169362
-0.0468655,0.0127946,0.109045,-0.137692
0.0695857,-0.019002,-0.108516,0.137043
-0.0144673,0.00395,0.00192013,-0.00242778
-147217e-13,233331e-12,-136193e-12,-266694e-13
-129113e-13,421488e-12,-52847e-12,-923252e-13
335891e-13,-238563e-12,913286e-13,514774e-13
128414e-13,987203e-14,-279858e-13,542296e-14
0.0572122,-0.0418648,-0.0259828,0.0826762
-0.0251489,0.0183951,0.0234014,-0.074368
-0.0377894,0.0276523,0.0127557,-0.0406013
0.0325733,-0.023836,-0.0248644,0.0790853
-135813e-13,-200797e-13,-414015e-13,407585e-13
-147596e-12,-878244e-13,-611723e-13,105922e-12
176234e-13,112811e-13,295668e-13,-480509e-13
139077e-14,518305e-14,-245049e-14,309075e-14
-240746e-13,208697e-12,290027e-12,-165517e-12
-306337e-13,310122e-12,379769e-12,-183674e-12
368181e-13,-201141e-12,-274293e-12,151647e-12
-329571e-14,123991e-13,189967e-13,-161999e-13
-0.237374,0.197302,-0.242187,0.201378
-0.36089,0.299967,-0.365465,0.303869
0.237802,-0.197649,0.239798,-0.199383
-0.0133784,0.01112,-0.0136363,0.0113378
-0.0019222,-0.00909604,0.0325497,-0.183563
-0.00390063,-0.0184757,0.031907,-0.179913
0.00165484,0.00783115,-0.0269865,0.152181
-122225e-9,-576382e-9,0.00308702,-0.0174087
0.0102401,-0.00319978,-0.144552,-0.0827071
0.0207998,-0.00649488,-0.141676,-0.0810662
-0.00881611,0.0027547,0.119839,0.0685687
64882e-8,-203286e-9,-0.013709,-0.00784383
479968e-13,-560496e-14,170169e-12,-109054e-12
198945e-13,-266308e-13,142869e-12,-91143e-12
-666746e-13,-55536e-12,-12141e-11,833531e-13
293793e-13,49159e-12,726416e-15,-485351e-14
0.00732222,0.00306661,0.0102862,-0.00249757
0.047619,0.0199103,-0.0576543,0.0140126
-0.020087,-0.00839878,0.040958,-0.00995374
0.00110511,464703e-9,0.00756408,-0.00183851
175526e-13,185873e-13,-506986e-13,5697e-11
-108792e-13,-375079e-13,500627e-13,-465943e-13
643981e-13,50558e-12,27367e-13,-131238e-13
211641e-13,335762e-13,-45739e-12,494521e-13
-0.030344,-0.00377286,0.0626001,-0.0350632
-0.114427,-0.0142393,0.165234,-0.09255
0.0400395,0.00497793,-0.0882933,0.0494556
-0.00612149,-760256e-9,0.0171095,-0.00958412
-0.0505854,0.0635978,-0.0501935,0.0630746
-0.0577533,0.0726096,-0.0567146,0.0712714
0.0512502,-0.0644356,0.0499217,-0.0627353
-0.00462124,0.00581029,-0.00455985,0.00573009
-275723e-13,-237071e-12,-239691e-12,135083e-12
-412865e-13,-378705e-12,-341648e-12,153727e-12
625025e-13,264077e-12,233761e-12,-117906e-12
-558149e-14,-222274e-13,-168692e-13,121653e-13
0.00306837,0.0269832,0.111331,0.0427397
-0.00280005,-723483e-9,0.00786258,0.0240255
-0.00263004,-0.0303225,-0.181214,-0.112315
-0.0010346,0.00155871,0.16657,0.206089
-0.0141645,0.00286128,0.101321,0.174199
0.00657651,0.00384617,-0.0280198,-0.0712417
0.0140503,-0.00439698,-0.0933319,-0.113504
0.00194661,0.00191465,-0.0863702,-0.304674
-0.0116566,-760863e-9,0.223439,0.00739088
-344588e-9,495331e-9,0.00432402,0.00264476
-0.00271876,-0.0099808,0.123748,-0.0445639
41188e-8,144182e-9,-0.012686,-678138e-9
0.00267651,0.0147593,0.033015,0.210917
-500835e-9,-507394e-9,0.00331506,0.00422397
0.0116099,0.021326,-0.0337005,0.114035
-225921e-9,-736097e-9,-0.00215265,-0.0119877
-0.0576973,-0.0263745,0.067246,-0.0507873
-0.00914257,-0.0041753,0.0229003,-0.017295
0.0457236,0.0209001,-0.0583954,0.0441039
-0.00655787,-0.00299463,0.0201658,-0.0152308
-0.0234057,0.0176916,-22467e-8,-0.0014667
-0.157189,0.11887,-0.0364574,-0.23755
0.0202368,-0.015295,-325981e-9,-0.00212231
0.00350424,-0.0026505,924555e-9,0.006024
-0.0205155,0.0454185,-0.0305528,0.0676348
0.016687,-0.036945,0.02634,-0.0583153
0.0243224,-0.0538446,0.0385479,-0.0853343
-0.00709529,0.0157091,-0.0249943,0.0553348
-0.0385037,-0.0376867,-0.0259904,-0.0254415
0.00154134,0.00150882,0.00157443,0.00154067
0.0262747,0.0257111,0.0386352,0.0378104
-0.0141719,-0.0138703,-0.0141588,-0.0138575
-685e-11,44244e-12,-865118e-15,-554647e-15
-0.238163,0.355707,0.0470421,0.0228241
0.305384,0.224136,-0.0140929,-0.00649723
-243124e-13,-443698e-13,-329331e-14,-106803e-14
130419e-13,-109266e-12,-299972e-14,165326e-14
-0.396487,-0.998404,-0.013656,0.00907677
-0.769315,-0.524433,-0.0414329,0.0309677
126312e-12,128668e-13,812892e-15,-719811e-15
-0.0277374,0.191546,0.0908945,-0.110318
-0.174791,-0.020814,-0.127469,0.0354625
-0.0984739,0.0508843,0.14392,-0.00250015
-0.0697733,0.0731737,-0.0715253,-0.106151
0.0607715,-0.0226112,470955e-9,0.00188707
-0.0381312,-0.0437935,460255e-10,-7466e-8
0.0500583,-0.359344,0.0169573,0.00432942
-0.428245,0.0966231,0.00956666,0.0166836
-0.0488653,501092e-9,-203663e-9,836268e-10
0.111517,0.286967,-0.0155009,-0.00666758
0.217026,0.0527432,0.12017,0.043181
0.0322635,-0.149089,0.0855182,0.120925
0.0477226,0.118674,0.0454869,0.120273
-0.057416,-0.0661831,-0.0848393,0.115467
-0.0193518,-0.0722793,-0.00144493,964899e-9
0.040902,-0.0293112,-960557e-10,-203022e-10
-0.40736,-0.0966754,0.00147101,0.015565
-0.0483037,-0.377357,0.0139667,-0.0163829
-0.00475061,0.0561914,-131714e-9,-146058e-9
-0.256695,0.0727165,-0.00117072,0.0188526
-0.146805,0.0696488,0.13447,-0.0571784
-884567e-10,0.189076,0.0615308,0.140027
-0.0960146,-0.161059,-0.00754745,-0.130316
0.163124,-0.0154003,-0.170796,0.0119447
694632e-13,-939303e-14,308932e-14,-528375e-14
-0.0869215,0.0422909,0.00300912,-0.00761118
-0.0532399,0.105996,0.0185785,-0.0306742
-351152e-13,171646e-12,-710459e-14,-18268e-13
479253e-14,37944e-13,-118669e-14,279661e-14
0.0405534,-0.0605974,-0.00207129,-0.0079334
0.0471917,-0.0211628,-0.0119354,0.0443002
414279e-14,75568e-13,208197e-15,501381e-15
0.0650281,0.0624316,0.00593591,0.0122891
383725e-13,11373e-11,336063e-13,162711e-13
101041e-12,-131787e-12,264197e-14,23931e-12
-0.121825,0.108891,-0.0111194,0.00510893
-0.0779454,-0.017654,-0.0446247,-0.130649
-0.0136666,0.0786334,0.0612474,0.155198
0.011785,-0.0914685,-0.123319,-0.00185752
0.0689558,0.00535379,-0.186675,0.00591539
252973e-14,-338733e-13,212716e-13,-39818e-13
-0.0306498,0.0277795,-0.00680192,0.00284923
0.0405259,0.0609248,0.0245074,0.027894
479119e-13,675033e-13,158777e-15,963959e-15
-541507e-14,-12273e-12,-235126e-14,-208087e-14
0.0357787,-0.00935474,-0.00686468,0.00323078
-0.113267,-0.00725979,-0.0394976,-0.026237
-969926e-15,426186e-14,420815e-15,-274454e-15
0.0553216,-0.0213874,-0.0114211,-0.00659422
762894e-13,344782e-13,132875e-13,268313e-13
-720104e-14,-768272e-13,-769835e-14,13043e-12
0.0199298,0.0979742,0.00763938,-0.00876673
-232674e-13,-227053e-14,509276e-13,-667046e-13
0.0113074,0.0200806,-0.0633051,-0.0692181
-134918e-16,-459821e-14,670361e-13,-708668e-13
-0.0431994,-0.0167701,-0.0797496,-0.0650725
495425e-13,-337837e-14,-125404e-13,-17388e-12
0.111582,-0.0220388,0.0433773,-0.0320493
678072e-13,-662864e-13,-526875e-13,425098e-14
0.0203263,-0.0658038,-0.00220644,-0.0154609
512359e-14,-261102e-14,-883862e-14,797013e-14
-0.0623624,-0.00947843,0.0121203,0.0121146
0.00760728,799271e-9,-0.0218295,-0.0699153
-314853e-13,2027e-11,360177e-13,-494964e-14
863298e-9,-0.00764291,0.018055,-0.074068
-955149e-14,-981218e-14,325924e-13,-122866e-13
-0.0985334,-0.068947,-0.0512785,-0.00876234
149114e-13,149616e-13,-437496e-14,70029e-13
-0.109848,0.0551984,-0.0191285,0.0244524
-199192e-13,334865e-13,437992e-14,16189e-13
-442028e-9,-62776e-8,-253679e-10,0.00122711
199549e-13,-387797e-14,-769249e-14,354339e-14
708073e-15,411553e-14,124888e-13,-532604e-13
-0.0203924,-0.0354243,-0.0878023,-0.472682
486681e-14,102836e-14,-349e-10,40758e-12
0.0348235,-0.00434134,-0.0391092,0.878974
698961e-15,-847153e-15,204545e-14,334125e-14
-0.00472587,-0.0287304,-0.0521385,0.0701293
-335507e-15,-671689e-15,-257834e-14,27503e-13
0.0436863,0.0398228,0.0875813,0.016645
101846e-13,-21551e-13,257188e-14,804918e-15
0.0239136,0.0041089,0.0110122,-0.00306131
61475e-13,-209006e-13,38383e-13,-374345e-14
0.120674,-0.153993,0.0190976,-0.0840726
-954041e-15,-441212e-14,243066e-14,-483711e-15
-0.0051253,0.0306645,0.0676158,-0.0656831
376102e-14,519739e-15,113218e-15,-729312e-15
0.0415913,0.0235889,-0.0108663,-0.0242965
-0.0281299,0.0213809,0.297559,-0.770723
-260262e-14,407005e-14,144931e-14,318004e-13
0.0112786,0.0405477,-0.606799,0.537103
-235413e-14,-341479e-14,105782e-13,-572905e-13
0.00908749,0.00194001,0.0236498,0.0542317
-275496e-14,206221e-14,405889e-14,-412413e-14
0.00373255,-0.00514107,-0.044288,0.0357779
17936e-13,-675244e-14,-559225e-14,-18902e-13
0.0559342,0.068039,0.0367974,0.0173882
-873174e-15,-273166e-14,-750171e-15,100364e-15
0.180891,-0.0354407,0.0651989,-0.0480153
-227277e-13,-425664e-14,-201897e-14,533976e-14
0.0293952,-0.0243846,0.0373652,-0.00218181
349497e-14,-113471e-14,-503341e-14,369137e-14
0.0107802,0.0302603,0.00321034,-0.010673
205623e-15,-564737e-14,491174e-15,169249e-14
-777771e-11,215805e-10,-0.0573411,-0.0130038
0.00151538,0.00126331,-0.0547033,0.0356062
-256418e-10,-65722e-10,-0.0282207,0.0443
965828e-9,-0.00141073,-0.0168566,-0.0710933
527284e-14,-103124e-13,14614e-12,80362e-13
0.00895512,-0.0510877,0.0692152,-0.0980195
0.0318993,0.0435605,0.0216609,0.112151
-226453e-13,-201902e-13,-309823e-13,134074e-15
-253162e-15,133859e-14,519342e-15,154188e-14
0.00776925,0.0400538,-0.0217435,0.0852521
0.00905984,0.00712568,0.0109747,0.0219834
-462368e-14,-136944e-14,648764e-15,-578955e-14
-0.0156749,0.00582796,0.00472704,0.00414531
-302805e-13,-559556e-14,579789e-13,-396747e-13
121154e-13,-323939e-13,-175082e-13,-374307e-14
-0.00533433,-0.0206096,-0.0249822,0.0232085
-0.0186678,0.0030121,0.116772,0.419521
0.00354903,-0.017473,0.32223,0.175691
-0.00549508,-0.0211173,0.38799,0.0282662
-0.0153645,-0.00163155,-0.306853,0.273184
-668133e-14,461049e-14,-21979e-12,-863582e-14
-0.0293927,0.0097754,-0.122604,-0.0148115
0.00669067,-0.0140603,0.0535847,-0.0438112
-943128e-14,705518e-13,920663e-14,527009e-13
97026e-13,-30822e-13,88606e-13,-948514e-14
0.0626263,-0.0512871,0.178266,-0.0445457
0.0147383,-0.0848659,0.112818,-0.160307
196297e-14,936353e-14,-112854e-13,454671e-14
-0.00616537,-0.00540992,-0.00730527,0.0319299
483407e-14,707567e-13,-483879e-13,-707848e-13
-58987e-13,60063e-13,-184815e-13,343665e-14
-0.0680626,0.0631389,0.114731,0.0389929
-109163e-13,-211682e-14,358597e-15,-203044e-14
-0.0366992,0.00694244,-0.0257509,0.0276794
-0.0585035,0.073682,0.00114191,-0.0311176
127318e-14,-422679e-14,143652e-14,-205016e-14
-0.00389929,0.00529597,-0.0835679,0.100549
108e-10,-677224e-14,-110996e-12,-470811e-13
0.0130168,-0.00692868,-0.0814611,0.117597
114819e-13,-380709e-13,-103655e-12,-507343e-13
0.0111751,-0.0321478,0.0148289,0.0161986
433194e-14,364923e-13,154955e-13,-806258e-14
-0.0815891,-0.0890547,0.0915057,-0.0230407
736783e-13,-362693e-13,-55412e-13,-727155e-14
0.00983016,-0.0121463,0.0145347,-0.0179594
-324176e-13,-61952e-12,200993e-13,488106e-14
329935e-13,-418546e-13,-109485e-12,567308e-13
0.00519117,0.00539087,0.0551818,0.0458758
32383e-12,180336e-13,-117546e-12,467414e-13
-0.0106958,-0.0143022,0.0723621,0.0321767
759158e-13,715629e-14,676703e-14,268614e-13
-0.0063724,-0.00150284,0.0113917,-0.0128063
407498e-13,-294509e-14,702333e-13,130503e-13
0.0207689,-0.0233659,0.00245921,0.00675402
137754e-13,181162e-13,146541e-13,-728025e-14
-0.0312442,-0.0203695,-0.0186827,-0.0121778
-184954e-9,-0.0165284,0.110827,-0.283709
287068e-9,103528e-9,-0.020624,-0.0452319
0.0189677,-0.00201405,-0.205172,-0.178722
6581e-8,-256128e-9,0.0554535,-0.00464682
-560908e-14,-121542e-13,172565e-14,217005e-13
247523e-9,0.0014171,-929507e-9,-889898e-9
0.0141653,0.00954367,-0.0629721,0.00261344
164593e-13,471826e-14,-122336e-14,358148e-14
-498057e-15,-310973e-14,312871e-14,-554902e-15
-0.00574112,-0.00963244,0.0294992,0.0124387
-0.0252881,-0.00840048,0.0456478,-0.0148059
13232e-13,-767283e-16,-204832e-14,-546773e-15
0.0171254,-0.0144764,0.0286839,-0.0242512
158379e-13,177359e-14,-992275e-14,-180924e-13
-148881e-13,-957637e-14,171555e-13,-677946e-14
0.0134997,0.0197626,0.00925471,0.0135479
-0.23603,0.064751,0.00250391,-0.00225058
0.574206,-0.229721,-0.00691252,-0.0127327
-0.173172,-0.0439238,0.0190132,-0.0184211
-0.0193755,-0.0179107,-0.00372478,0.00302536
-0.0693355,0.194154,0.0212224,0.0104358
0.0170376,-0.0152493,0.00459495,0.0027822
-0.0213804,-0.0800343,-0.00675462,-0.0890685
-0.126111,0.102683,0.118332,-0.0368674
-123245e-9,0.0138711,0.00120168,480052e-9
0.0171692,0.0102095,-438416e-9,-906179e-9
0.0216486,0.0152011,0.0111124,-0.00694754
0.0422232,-0.0677197,-0.0220114,0.117166
-0.0576118,0.00272398,-0.0722278,0.0117666
-0.00380613,0.00542457,-548452e-10,-0.0011781
0.00516443,0.00723869,173975e-9,-0.00110459
-0.0573991,-0.0251109,-0.00543174,0.0113954
446547e-14,-179161e-13,105093e-13,-268509e-13
-0.0144503,0.00452142,-0.0139161,0.00435379
216376e-9,579844e-9,-0.00697609,-0.0187826
-136852e-13,-101057e-13,867155e-15,-882917e-14
-0.00124706,-0.00450912,-0.0176817,0.0190521
0.00504418,-0.00192412,0.0106914,0.0206123
660363e-14,108722e-13,-980376e-14,325225e-14
-0.013576,-0.00471466,-0.0140841,-0.00489164
58946e-13,5866e-12,305358e-14,289786e-14
0.0385787,0.00239448,0.0386901,0.00240066
-0.0181638,0.0259743,0.0108846,-0.00368067
212303e-13,515663e-14,881526e-14,-105783e-13
-0.0186826,-0.0193567,0.111251,-0.143184
-0.0151698,0.0177019,0.108856,0.171317
0.00560741,-0.0193863,-102902e-9,352686e-9
-299328e-13,-297913e-13,135296e-14,417408e-14
0.00309163,0.0369391,0.00308213,0.036834
-589459e-14,-586599e-14,-305357e-14,-289786e-14
-291247e-13,-134077e-13,959602e-14,-369578e-13
-0.00692605,-0.0473336,-0.00230668,0.0043327
-0.00132512,-185366e-9,-1279e-8,-0.0109492
-436672e-9,906547e-9,0.00974003,-0.00443975
0.0253102,0.0247715,0.0253137,0.0247749
0.0126513,-0.00393527,0.0118498,-0.00368591
-0.00137067,-0.00283581,-0.00153844,0.00213078
0.00946593,-0.00477544,0.314263,0.113484
-530215e-9,0.0104411,-0.473662,-0.325726
977627e-9,670571e-9,-0.0141528,0.00642855
-522137e-9,933579e-9,-0.0129269,-0.00841065
0.00346178,-0.0120362,0.00369259,-0.0128385
0.0433655,0.0424425,0.043365,0.042442
-0.00192191,-543327e-9,0.011036,0.0494329
0.00784383,-0.0108509,-0.0131024,-0.00172318
-0.0147432,-0.0481715,0.00190498,382426e-9
0.00371268,-0.00271808,-0.014195,0.0451347
-108184e-14,-109074e-13,-198634e-13,179156e-13
324971e-13,405337e-13,-263816e-13,277442e-13
-0.0115012,-0.00142935,0.0272978,-0.0152899
0.00438285,0.00557635,-0.0242975,0.0424091
-0.0069337,-0.0151972,0.0425757,-0.0204719
0.00230774,0.00105499,-0.00246952,0.00186539
-0.010488,0.00793052,-0.00201575,-0.0131353
-0.0103038,-0.0100852,-0.0103154,-0.0100952
