-0.399259,-0.0591233,0.0346961,-0.0897263
0.578271,-0.25043,0.531973,-0.186306
-0.0890765,-0.0150006,0.0160115,-0.0227282
-0.55123,0.339531,0.031141,-0.13246
-0.207294,0.374683,0.489216,-0.238055
-0.131954,0.0797189,0.00431225,-0.0304373
-0.195941,-912422e-9,-0.423407,0.15951
0.0768298,-0.174959,0.0728127,0.0727653
-0.0478231,889812e-9,-0.102715,0.0380518
-0.216011,0.185428,-0.649966,0.216031
0.0277889,0.126016,0.0740869,0.0618917
-0.0412989,0.0417646,-0.146387,0.0494921
0.0380332,0.278245,0.138836,0.169426
-0.0605113,-0.203192,0.0689539,-0.163289
0.00859533,0.0608731,0.0289427,0.0374005
0.101143,-0.0947043,0.0428712,0.0959966
0.14496,-0.225791,-0.334138,0.0531104
0.0202921,-0.0182447,0.0119262,0.0199664
-0.0471331,0.096406,-0.0151751,-0.0217861
-0.0143741,0.0294007,-0.00198144,-0.00284464
-0.00218921,0.0044778,-0.0017471,-0.00250822
-0.0169916,-0.0723008,970497e-9,0.00147688
-0.0405853,-0.172694,0.020905,0.0318126
-0.00921124,-0.0391947,0.00274289,0.00417406
0.238254,0.166747,-0.377638,0.109283
0.1408,0.0603101,-0.0423008,-0.0787269
0.0494834,0.0349528,-0.0799466,0.0239003
-0.0380332,-0.278245,-0.138836,-0.169426
0.0605113,0.203192,-0.0689539,0.163289
-0.00859533,-0.0608731,-0.0289427,-0.0374005
0.0561257,0.128628,0.0511076,-0.0013271
0.0171165,0.0392273,0.0066732,-173281e-9
0.00260689,0.00597442,0.00588399,-152788e-9
0.050535,0.0259124,917751e-9,988378e-12
0.120706,0.0618932,0.0197688,212904e-10
0.0273953,0.0140473,0.00259381,279346e-11
-0.0175266,0.13392,0.0439817,-0.0469641
-0.358136,0.119948,-0.458105,0.0805495
0.020302,0.0149765,0.0270598,-0.0111278
0.590786,-0.208868,-0.096259,-0.238687
-0.172847,-0.074086,0.036943,0.257927
0.0796303,-0.0306772,-0.0128106,-0.0286585
0.257772,0.0911848,0.0639339,0.714981
-0.260613,0.183201,-0.0468978,-0.0888455
0.0312877,0.0162092,0.00809126,0.0986219
0.449289,-0.222554,0.387781,-0.0416697
-0.123668,-0.0210412,-0.0236995,0.0183571
0.0901517,-0.0376508,0.0833938,-0.0115465
-955842e-9,-823445e-9,-0.0087699,0.0425061
-0.0197935,-0.0170518,-0.0208456,0.101035
-0.00260176,-0.00224138,-0.00474067,0.0229772
107186e-10,-0.0016499,0.077643,-0.0309199
22196e-8,-0.0341659,0.184554,-0.0734951
291756e-10,-0.00449096,0.0419708,-0.0167141
-120191e-16,25417e-16,-995457e-17,66934e-16
-473386e-17,937174e-18,-453354e-17,162692e-17
347672e-18,-379339e-19,137242e-18,-356007e-18
-0.0736232,-0.0718882,-0.0736077,-0.0718731
-0.00422672,-0.00412711,-0.00422627,-0.00412668
0.00611498,0.00597088,0.00610939,0.00596542
0.00791204,0.0449805,0.027434,-0.15388
0.00103367,0.00587648,0.00837496,-0.046976
908838e-9,0.0051668,0.00125946,-0.00706443
0.0222846,-0.0268882,0.074574,-0.0320598
0.00291137,-0.00351281,0.0227657,-0.00978712
0.00255978,-0.00308858,0.0034236,-0.00147182
0.0771104,-0.18633,0.0771462,-0.186416
0.0166425,-0.040215,0.0166495,-0.0402319
-0.00462211,0.0111689,-0.00462161,0.0111677
109663e-16,-202715e-17,153775e-16,-434724e-17
362973e-17,-169136e-17,66753e-16,-191013e-17
-561705e-18,-117576e-18,977829e-19,344409e-18
762711e-17,445391e-17,566587e-17,-322154e-17
42016e-16,-520732e-17,505873e-17,44674e-17
126515e-17,106171e-17,858156e-18,-628009e-18
0.0151155,-0.00492637,0.0151134,-0.00492568
-0.261339,0.0851739,-0.261302,0.0851621
0.0138581,-0.00451655,0.0138562,-0.00451592
-0.364093,0.0328142,-0.364143,0.0328188
454274e-9,-409419e-10,454337e-9,-409476e-10
-0.0688842,0.00620826,-0.0688938,0.00620912
-762068e-17,-445524e-17,-565945e-17,322022e-17
-419204e-17,520525e-17,-504926e-17,-448702e-18
-126544e-17,-106166e-17,-85839e-17,628055e-18
-0.418161,0.39918,-0.0278904,-0.00128692
0.445408,0.639099,0.253122,-0.237311
-0.216451,-0.311624,-0.113777,0.107593
-0.223341,0.203886,-0.00518464,0.0253682
-0.75195,-0.0784771,0.0274721,0.0462135
0.151696,-0.576022,0.175229,0.0419871
-0.0743282,0.280443,-0.0791645,-0.0186091
-0.392336,-0.0498076,0.0462861,-0.0185328
-13334e-15,-428432e-16,-309015e-17,233646e-17
0.0262587,0.618328,-0.0428825,0.0255225
0.040387,0.922125,-0.0259995,0.0152526
548066e-17,109439e-15,-355286e-17,14327e-16
-0.287724,0.306951,0.0358809,0.0052905
-570735e-16,468814e-16,216322e-17,102676e-16
-872168e-16,605735e-16,-64531e-16,-633193e-17
0.738577,-0.556257,0.0304865,0.0144283
-0.149955,0.205901,0.00893232,0.175538
0.230293,0.0544098,0.0654984,0.0171804
-0.111822,-0.0243949,-0.0261677,-0.0104324
-0.0552212,0.101805,-0.0011539,0.0572806
-0.332176,0.0250169,0.27282,-0.200294
-0.0823684,-0.161107,0.0112594,0.0333142
0.0411748,0.0772252,-0.00295064,-0.014329
-0.148212,0.0312222,0.0933348,-0.0588163
119952e-17,-370867e-16,523982e-17,-22558e-16
0.13094,0.135224,-0.0087749,-0.00438215
0.193566,0.205693,-0.00639898,-0.0021129
216455e-16,270754e-16,-102049e-17,-276651e-18
-0.290143,0.174206,-0.0572581,-0.0268036
-3516e-15,221887e-16,-148724e-17,141722e-17
-811854e-17,314914e-16,326241e-18,-161747e-17
0.0843055,-0.280361,0.00142366,0.00689112
0.202191,0.0196212,0.13365,0.311666
-0.0955603,0.158082,-0.514972,-0.0710728
0.0296656,-0.086911,0.28869,0.0492751
0.0896876,0.00778015,0.0650946,0.152484
-0.109185,0.0732341,0.162977,0.285669
0.0102507,0.244674,-0.753066,-0.121043
0.0124248,-0.0561559,0.367731,0.0526568
-0.0515891,0.0328924,0.079085,0.138059
0.329978,0.0755953,0.198044,0.0427991
0.107913,-0.23267,0.279657,-0.244208
-0.0509865,-0.104701,-0.0210723,0.011722
0.0193456,0.0164318,0.0206094,0.00510482
-0.0160026,0.101501,0.0248853,-0.0824809
0.139025,-0.240913,-0.159542,-0.181208
-0.025893,0.21147,0.0571118,0.0531601
0.0358327,0.0201601,0.00342821,-0.0165429
0.190829,-0.184829,-0.642751,-0.115197
-0.0447595,-0.133967,-0.177933,0.203039
0.0359367,0.0603291,0.103839,-0.111128
0.0837277,-0.0827685,-0.314158,-0.0568339
-0.0195269,0.170823,-0.632009,-0.0404998
-0.147613,-0.115217,-0.267619,0.292024
0.0265597,0.0350523,0.127884,-0.144442
-0.01093,0.0792639,-0.30578,-0.0190569
0.354849,-0.264732,-0.278594,0.27314
0.0820929,0.178107,-0.026024,-0.191047
0.0862477,0.0221566,-935789e-9,0.0124875
0.0327596,-0.0053551,-0.0300386,0.0277348
0.0875737,0.101928,0.106278,0.127382
0.0714848,0.200315,-0.124165,0.0174283
-0.110367,-0.119826,0.0393701,-0.00958331
0.0504408,-0.0186235,0.0229714,0.0230352
0.142683,-0.171312,0.136787,-0.103541
0.203552,0.2388,0.477197,0.186675
-0.023554,-0.0211572,-0.0420745,-0.0113096
-0.00352198,-0.0168672,-0.0375171,0.0118429
0.291554,-0.00296126,-0.31139,-0.110296
0.0382932,-0.236859,0.0553573,0.260285
-658757e-9,0.0242007,-0.00711418,-0.0214783
0.0138219,-0.0177976,0.0587828,0.0477869
-316327e-17,-44686e-15,582266e-17,55197e-16
-0.0168335,-0.306439,0.0279041,0.0219699
-0.0655741,-0.315098,0.0402241,0.023962
764555e-17,267743e-16,-211596e-17,-13692e-16
-0.290166,0.230406,0.00320619,-0.0634159
292198e-16,-19365e-15,-109099e-16,211664e-16
262146e-16,-266804e-16,17717e-16,341585e-17
0.1568,-0.183467,0.00418884,0.0206093
593654e-17,-183996e-16,-410891e-18,989952e-18
0.853266,-0.405029,-0.0395771,0.128118
-0.359774,0.164656,0.0180516,-0.0563546
357819e-17,-823599e-17,-457815e-18,725063e-18
-0.615462,0.501527,-514466e-9,-0.0578172
227977e-16,302637e-17,254577e-18,24671e-16
-952628e-17,-140353e-17,-101309e-18,-108874e-17
-0.30739,0.203799,0.00742903,-0.0457981
0.0980604,-0.180319,0.0783123,0.112289
0.191068,0.09495,0.059829,-0.0307948
-0.027475,-0.0205522,0.0204743,-0.0516112
0.0372924,-0.0378799,0.0632048,0.119545
0.262728,-0.0550502,0.0976232,-0.244871
-0.0393232,-0.158336,0.0304465,0.0171507
0.00163573,0.0261852,0.0282323,-0.00586379
0.0693323,0.0050671,0.125292,-0.228262
-143398e-16,-176551e-16,382951e-17,-279978e-17
-0.100517,-0.092796,0.0256229,-0.0286392
-0.118523,-0.256561,-0.0124647,0.0223261
111984e-16,275041e-16,3024e-15,-318776e-17
-0.0452844,0.179963,-0.051018,-0.00821002
344699e-17,-146673e-16,490733e-17,258941e-17
171404e-16,-280677e-16,-835661e-18,183569e-17
0.148419,-0.212036,-0.0486549,-0.00132779
646336e-17,-22098e-15,-224699e-17,-171861e-17
0.562297,-0.505737,-0.0310557,-0.00124843
-0.218465,0.20578,0.00661191,-0.00238722
153027e-17,-785396e-17,-40774e-17,-242377e-18
-0.716579,0.61698,0.148259,0.0379342
181918e-16,-288629e-17,-539453e-18,203119e-18
-719009e-17,130886e-17,966079e-19,-880233e-19
-0.22811,0.236502,0.025323,0.00342321
-102814e-17,-339572e-17,-476445e-16,672464e-17
-0.0140463,0.0169507,0.147166,-0.0589227
0.0153601,0.0248797,0.676532,-0.00555227
22585e-16,300687e-17,751827e-16,-104885e-16
189976e-17,126342e-17,-452634e-16,117037e-16
0.0482237,0.0501949,0.515995,0.00296396
-0.0174054,-0.00547092,0.690741,-0.0717034
-22857e-16,-441892e-18,721233e-16,-183047e-16
53144e-16,541977e-17,166351e-16,-333844e-16
0.040123,0.0563972,0.22891,-0.332029
-0.00807081,0.0171815,0.167709,-0.221491
-912704e-18,-450927e-17,-187827e-16,347743e-16
-282341e-17,-226423e-17,-486563e-17,-512674e-17
-0.0311866,-0.0310946,-0.0645293,-0.0730404
0.0115543,0.0482201,-0.179161,-0.125574
497495e-18,-359653e-17,211737e-16,116278e-16
0.0426687,0.0015081,0.260154,-0.384079
554917e-18,358772e-17,727523e-17,468351e-17
336017e-17,-471436e-18,483503e-16,-667441e-16
-0.026463,-0.00131189,-0.385749,0.571164
-0.0218059,0.0167641,0.209262,-0.399341
856535e-17,-500199e-19,389724e-16,-107653e-16
-169877e-17,9771e-16,435587e-16,-758481e-16
0.0122321,-0.0101408,-0.314468,0.598042
-0.0406195,0.00335152,0.122203,0.308089
810718e-17,-18857e-16,-219989e-16,-516541e-16
608106e-18,138685e-17,-505226e-17,-288948e-16
0.0386351,0.0150716,-0.122512,-0.34411
0.0329802,-0.00257637,0.0599624,-483524e-9
-474921e-17,-701339e-18,-164533e-16,763439e-17
574375e-17,326076e-17,-215053e-16,264826e-17
0.0265597,0.020414,-0.211069,0.0735274
-245118e-17,-174447e-17,16235e-15,111468e-16
-0.0378942,-0.0395357,0.558655,0.733557
0.0410515,0.00173243,-0.260938,-0.327705
-113095e-17,-737681e-18,678438e-17,462864e-17
-405415e-18,-142165e-17,62755e-16,-857581e-17
-0.15418,-0.00218867,0.624354,-0.534367
0.0316774,0.0105506,-0.204894,0.162008
-34401e-18,-527198e-18,246917e-17,-328914e-17
0.123447,0.00542294,-0.571708,-0.898636
-12997e-16,-304453e-18,419566e-17,165312e-16
862054e-18,-508621e-18,-206889e-17,-74694e-16
0.055457,145383e-9,-0.23947,-0.373761
0.0458791,0.0398125,-0.494536,0.294048
-317494e-17,199733e-17,144901e-16,-456705e-17
786255e-18,-20398e-17,-466047e-17,127284e-17
0.0129564,0.017407,-0.192362,0.111315
0.0321816,0.226625,0.0189902,0.0321234
1.20892,-0.360006,0.100872,-0.344607
-0.0205273,-0.228032,-0.0197917,-0.0342881
-0.199616,0.200093,0.00642636,-0.0219512
0.780888,-0.169297,-0.00581244,-0.0211715
0.0598948,0.372618,-0.140227,-0.053707
-0.793256,0.166904,0.0197633,0.0214768
0.394446,-0.146163,-0.0362051,-0.0108857
0.0833086,0.096737,0.0597926,-0.148859
0.207349,-0.326854,0.0682457,-0.0220501
-0.101601,-0.0951654,-0.0589643,0.150126
-0.0497642,0.0909662,0.00104626,0.0129965
0.282947,-0.136055,-0.133093,-0.0505032
0.0830911,0.0721978,-0.0040828,-0.0286026
-0.258858,0.141253,0.121933,0.0498539
0.106912,-0.110472,-0.018645,-0.010033
-0.00327593,-0.0847265,-0.0816098,-0.0308702
0.0379725,0.12362,-0.0479663,0.100735
294058e-9,0.0686788,0.085462,0.041444
0.00259185,-0.014614,-0.0311694,-0.00332964
-0.0863128,0.103666,0.0735139,-0.0579371
-0.0959327,0.147802,0.213972,-0.0366629
0.0857488,-0.105306,-0.0638883,0.0604717
-0.035989,0.0463233,0.0402307,-0.0223138
-0.108019,0.220942,-0.0092055,-0.0132158
-0.00990171,0.020253,-0.00131122,-0.00188244
-0.0286623,0.0586259,-0.00661049,-0.00949031
-0.070136,0.143456,-0.00712459,-0.0102284
-0.0162484,-0.0691386,0.00457412,0.00696078
0.0861379,0.366526,-0.0296146,-0.0450667
0.0588398,0.250369,-0.017955,-0.0273234
-0.0300675,-0.12794,0.00950125,0.0144587
0.333095,0.0644902,-0.0180876,0.0215223
0.00145509,281718e-9,-103711e-9,123405e-9
-0.292242,-0.0565807,0.0145005,-0.017254
0.0471943,0.00913726,-0.00202067,0.00240437
-228722e-9,-0.0189834,0.00117407,0.0030948
0.00927685,0.769957,-0.0327284,-0.086271
121644e-9,0.0100962,112373e-9,29621e-8
355094e-9,0.029472,-0.00110222,-0.00290541
-0.15241,-0.0969681,0.181639,-0.0272988
-0.0967961,-0.0431327,0.0369714,0.0478554
0.146249,0.0917356,-0.195565,0.0334878
-0.0566438,-0.0342837,0.0644069,-0.00587845
0.00327593,0.0847265,0.0816098,0.0308702
-0.0379725,-0.12362,0.0479663,-0.100735
-294058e-9,-0.0686788,-0.085462,-0.041444
-0.00259185,0.014614,0.0311694,0.00332964
0.128628,0.294788,0.0310028,-805041e-9
0.0117909,0.0270221,0.004416,-114669e-9
0.0341309,0.0782204,0.0222632,-578101e-9
0.0835173,0.191403,0.0239946,-623061e-9
0.0483247,0.0247791,0.00432552,465847e-11
-0.256185,-0.131362,-0.028005,-301607e-10
-0.174997,-0.0897316,-0.0169791,-18286e-9
0.0894243,0.0458534,0.00898485,967644e-11
0.346425,-0.277245,-0.0154514,-0.0518832
0.00151332,-0.00121111,-885952e-10,-297488e-9
-0.303937,0.243241,0.0123871,0.0415936
0.049083,-0.0392812,-0.00172616,-0.00579615
0.0111721,0.0092693,0.00167759,374882e-9
-0.453135,-0.375958,-0.0467647,-0.0104502
-0.00594182,-0.00492983,160566e-9,358808e-10
-0.0173448,-0.0143907,-0.00157493,-351941e-9
0.0641036,-0.00644926,0.0513639,-0.0353524
0.24489,-0.130634,0.678659,0.692031
-0.0668978,0.00699078,-0.0576837,0.0216605
683192e-9,-0.0182226,-0.0734575,-0.0989024
0.10134,-0.0815439,0.11663,0.0433211
-0.065291,0.164842,0.73352,0.599147
-0.0950285,0.082508,-0.115517,-0.0369562
-0.0124511,0.012369,-0.104268,-0.13132
0.0665994,-0.113863,-0.107224,-0.00594655
0.00257449,-0.00170849,0.00196928,-593415e-10
0.0814445,-0.112954,-0.105132,-0.00752886
-0.00781211,416187e-9,-0.00371202,0.00110735
-0.141517,0.0749752,0.0157523,0.108307
-0.00551883,0.00189345,903093e-9,0.00230781
-0.169513,0.0686682,0.021366,0.14217
0.0092677,0.00189161,-0.00184562,-0.0109354
0.111867,-0.0204588,-0.406511,0.383674
0.114053,-0.146947,0.16481,-0.0415136
-0.108935,0.0155424,0.381847,-0.372204
0.0363926,-0.0148508,-0.242608,0.210794
0.078236,-0.0753916,-0.483492,0.50012
0.00170669,0.120023,0.162556,-0.0620815
-0.0903079,0.0852468,0.497494,-0.505158
0.00465031,0.019067,-0.275274,0.261818
0.122938,-0.114608,0.0148298,0.231547
-0.00249077,-760894e-9,-609893e-9,-0.00663827
0.0885353,-0.0937757,0.00842256,0.21212
0.0111218,-0.00659219,0.00208043,0.00661186
-0.0926514,0.119211,0.0811721,0.0112946
-0.00162847,0.00151429,-0.00102327,-13486e-8
-0.0554517,0.107619,0.131125,0.00219295
-0.0146734,0.00419972,-0.0187735,0.00350856
-0.016953,-0.0146048,-0.0301438,0.146101
0.0280055,0.0241264,0.0441629,-0.21405
0.00431564,0.00371786,0.00832695,-0.0403592
-0.00897404,-0.00773101,-0.0154116,0.0746971
190108e-9,-0.0292629,0.266873,-0.106277
-314048e-9,0.0483409,-0.39099,0.155704
-483947e-10,0.00744931,-0.0737214,0.0293582
100633e-9,-0.0154903,0.136444,-0.0543363
-727878e-17,251829e-17,-826283e-17,173473e-17
-140985e-16,325039e-17,-120216e-16,148457e-17
738143e-17,-119286e-17,538143e-17,-601115e-18
-699172e-17,211129e-17,-606859e-17,909893e-18
0.0283357,0.027668,0.0216828,0.0211718
0.0710294,0.0693555,0.0709797,0.069307
-0.0217017,-0.0211903,-0.0283621,-0.0276937
0.0253808,0.0247826,0.0253796,0.0247815
15553e-16,521927e-18,137507e-17,173277e-17
-887294e-18,-207603e-18,116511e-18,817405e-19
384019e-17,119905e-16,582824e-17,801896e-17
-246215e-17,-513205e-17,-267177e-17,-398358e-17
0.0112972,0.0172981,0.0110669,0.0169455
0.0248687,0.0380785,0.00355559,0.00544424
0.0178936,0.0273982,0.0164994,0.0252635
0.00583547,0.00893515,0.00470978,0.00721152
-0.00345139,-0.0196214,-0.0167505,0.0939551
683641e-9,0.00388654,0.00576607,-0.0323425
-0.00480903,-0.0273396,-0.0630406,0.353601
0.0037234,0.0211677,0.0409641,-0.229772
-0.00972098,0.0117292,-0.0455329,0.0195749
0.0019255,-0.00232328,0.015674,-0.00673833
-0.0135448,0.0163429,-0.171364,0.0736703
0.0104871,-0.0126535,0.111353,-0.0478714
0.00337025,-0.00814386,0.01456,-0.0351827
0.0100154,-0.0242011,0.01002,-0.0242124
-0.0145536,0.0351674,-0.00336598,0.00813356
0.00614019,-0.0148372,0.00613081,-0.0148145
527243e-17,-165779e-17,385735e-17,-324044e-17
15579e-15,-105116e-17,131055e-16,374692e-18
-682054e-17,274178e-17,-195737e-16,-378372e-17
535173e-17,-177129e-17,1471e-14,212934e-17
0.00855584,0.00110893,-0.0215988,-0.00279944
-0.00218546,-283259e-9,-0.00217725,-282195e-9
-0.130699,-0.01694,-0.0964873,-0.0125058
0.0500004,0.00648059,0.0426565,0.00552874
251796e-17,388108e-19,190341e-17,376719e-18
707719e-17,446785e-17,-24854e-16,209806e-17
137467e-17,-199821e-17,151511e-17,984215e-18
224306e-17,97269e-17,158344e-17,-4089e-18
-158449e-9,107515e-9,-0.00535041,-0.00269735
-0.0522769,0.0354725,0.398951,0.201126
-0.00186606,0.00126621,0.00974187,0.00491125
-0.00176002,0.00119426,0.0152701,0.00769825
-241346e-9,-667902e-10,0.00132959,0.011461
-0.0796273,-0.0220361,-0.0991406,-0.854585
-0.00284235,-786592e-9,-0.00242089,-0.0208679
-0.00268083,-741893e-9,-0.00379467,-0.0327098
143755e-17,175998e-17,-124974e-17,106484e-17
-299433e-18,-259128e-18,540322e-18,-186516e-17
230407e-18,198002e-17,-42115e-17,243255e-17
753045e-18,-174986e-17,127821e-20,-193179e-17
0.0258746,-0.0152939,0.0280568,-0.0165838
-0.0054916,0.00324597,-0.0389545,0.0230252
0.0175616,-0.0103803,0.0179333,-0.0106
-0.00744175,0.00439866,-0.00920841,0.00544289
-277089e-17,-168459e-19,-246332e-17,706048e-18
-10718e-16,131583e-17,-128686e-17,-110401e-18
277097e-17,148852e-19,246394e-17,-705537e-18
-540614e-18,561593e-19,-495558e-18,120507e-18
0.0509088,-0.0165919,0.0509017,-0.0165896
0.0664103,-0.0216441,0.0664011,-0.0216411
-0.0509515,0.0166058,-0.0509444,0.0166035
0.0120607,-0.00393074,0.012059,-0.00393019
0.0148691,0.0358774,-0.0184146,-0.434586
107343e-9,259007e-9,-924292e-10,-0.00218134
-0.018538,-0.0447301,0.0209735,0.494976
0.00206741,0.00498843,-0.00296951,-0.0700807
0.0135357,-0.0264322,0.183218,-0.132132
977177e-10,-190821e-9,919633e-9,-663213e-9
-0.0168756,0.0329543,-0.208678,0.150493
0.00188202,-0.00367516,0.0295454,-0.0213073
-0.0168191,0.0959069,-0.0227992,0.130007
382868e-9,-0.00218321,384512e-9,-0.00219259
-0.0037394,0.0213231,0.00152045,-0.00867002
-0.00743148,0.0423763,-0.00871557,0.0496984
-100268e-16,409447e-17,573685e-17,102686e-16
163723e-18,395331e-19,-540615e-18,-376621e-20
-208899e-17,254345e-18,-184886e-16,-367935e-17
-466844e-17,221284e-17,-204898e-17,337514e-17
0.0902938,-0.00813782,0.0903064,-0.00813895
407596e-9,-36735e-9,407652e-9,-367401e-10
-0.0902171,0.0081309,-0.0902296,0.00813203
0.0160945,-0.00145053,0.0160967,-0.00145074
277043e-17,169933e-19,246281e-17,-705925e-18
107575e-17,-13166e-16,129083e-17,109603e-18
-277063e-17,-15017e-18,-246355e-17,70543e-17
540794e-18,-561798e-19,49573e-17,-120533e-18
1.10761,-0.351501,0.0339007,0.0331443
-11356e-15,208954e-16,216341e-18,922748e-19
272828e-16,749079e-17,816689e-18,318371e-18
0.857943,-0.466485,-0.0128054,-346765e-10
0.186726,-0.302706,-0.00111572,0.00997552
-466725e-17,106339e-16,-399301e-18,-810058e-18
782718e-17,-371025e-17,536391e-19,178127e-18
0.398598,-0.261903,0.0370656,0.0318537
0.0607385,-0.133871,0.155215,-0.13563
0.182425,0.0435299,0.110577,0.0240744
0.0787902,-0.134272,-0.0879373,-0.100038
-0.00352133,0.0581719,0.0141237,-0.0482275
0.047903,0.10169,-0.0144831,-0.10606
0.197906,-0.144882,-0.155837,0.152318
0.0391955,0.112405,-0.0685066,0.00956086
0.0549759,0.0527869,0.0625945,0.073795
-0.114391,-0.132429,-0.266027,-0.103322
-0.0794679,0.0951014,-0.0784961,0.0591733
-0.0204886,0.132231,-0.0311837,-0.14489
-0.162072,0.00138521,0.1783,0.0635524
0.0145216,0.104042,20711e-9,-844781e-10
-325761e-18,16221e-15,-241351e-17,-243161e-17
-949764e-17,70163e-16,620369e-17,-966547e-17
0.109265,-0.0721551,-0.00251048,0.0255326
0.0303358,-0.0179607,-61354e-8,0.00319705
-169986e-17,127928e-17,410458e-18,-463086e-18
857139e-18,343276e-19,128892e-19,584704e-19
0.0871535,-0.00609854,-0.0106152,0.0317183
-0.108841,-0.0559736,-0.0296256,0.00930263
-0.0540284,0.099804,-0.0436909,-0.0622204
0.0213019,0.0911295,-0.0124974,-0.0101911
-0.145207,0.0307153,-0.0537787,0.136163
0.0368948,0.0609078,-626923e-9,810479e-9
458011e-17,217408e-17,-263936e-17,217378e-17
-403577e-17,688079e-17,-242923e-18,-123372e-17
-0.0136553,-0.0393294,0.0357509,0.0042372
0.0308239,-0.0223199,-0.00487479,-0.00173914
145114e-17,-129679e-17,-678528e-18,-61471e-17
927485e-18,-486042e-19,-964626e-19,539096e-20
-0.0790012,0.0122606,0.0467609,0.0162142
0.0210427,0.0229139,0.0750425,-0.114244
13565e-16,96128e-17,622543e-17,-118701e-16
-0.0175897,-0.0261113,0.0115437,-0.00607835
-260278e-18,350324e-18,-481064e-17,-304108e-17
360339e-17,-149389e-17,-103436e-16,-193847e-16
-209011e-9,259106e-9,0.0407594,0.109169
-350222e-17,-935317e-18,-289547e-17,289342e-17
937018e-9,224685e-9,0.0474521,-0.0134446
-0.0223484,-0.00945598,-0.0882416,0.558509
923488e-18,390547e-18,-437084e-18,-16028e-15
-0.040655,0.0176952,-0.201106,0.905569
-589655e-18,195388e-18,-215294e-17,-155672e-16
-0.0362263,0.0194688,0.0543741,0.0506
29416e-18,607196e-19,-609728e-18,-436961e-18
0.0411988,-0.0134896,-0.0600804,0.07003
94943e-18,920635e-19,-327563e-18,495833e-18
-581622e-18,103163e-18,-554675e-17,886271e-17
-0.040574,0.00717968,-0.31785,0.807048
-595133e-18,89963e-17,-997835e-17,139467e-16
0.0159296,-0.0198712,-0.223075,0.820803
-481243e-18,877249e-18,55788e-17,125374e-17
-0.00237199,-0.00143838,0.021097,0.0347041
66198e-17,-821107e-18,-152868e-17,75565e-17
-0.00533944,-0.00104352,0.0268591,-0.0177539
0.163765,0.0317064,-0.0089487,0.010648
-469855e-9,-0.0389969,0.00195092,0.00514256
0.170318,-0.136306,-0.00764444,-0.0256687
0.0229504,0.0190416,0.00278761,622933e-9
-0.00485397,0.0353421,0.00687174,-0.0113711
0.141143,-0.0549792,-0.0226634,-0.0500115
0.0545298,0.0297044,0.0141991,0.175065
0.120598,-0.0591026,0.108873,-0.0123893
915329e-18,74042e-17,9518e-16,117055e-17
0.00825483,0.0126396,0.00873058,0.0133681
-832294e-9,-107874e-9,-0.0153405,-0.00198829
164139e-17,-230366e-18,162411e-17,226564e-18
0.00311475,-0.00211352,-0.0202057,-0.0101865
0.00474434,0.00131295,0.00502119,0.0432823
-146146e-18,-160445e-17,351005e-18,-174332e-17
-0.0137421,0.00812264,-0.0129892,0.00767763
12338e-16,-410049e-18,120242e-17,-1933e-16
-0.0373781,0.012182,-0.0373729,0.0121803
0.00917887,0.0221476,-0.0103183,-0.243512
0.00835578,-0.0163169,0.102663,-0.0740373
0.00267965,-0.0152801,148893e-9,-849029e-9
147952e-17,-219476e-18,948322e-17,152323e-17
-0.0292611,0.00263718,-0.0292651,0.00263755
-123443e-17,410162e-18,-120304e-17,19343e-17
