-0.0675567,0.187988,0.0355666,-0.101834
0.19263,-0.00738704,0.28982,0.459047
-0.0240604,0.0374047,0.00390755,-0.0304595
-0.145624,-0.150529,-0.11013,0.107852
0.12731,-0.175939,-0.0392537,-0.534985
-0.0338223,-0.0398121,-0.027625,0.0219633
-0.169337,-0.3782,0.0546093,-0.0372005
-0.00368882,-0.169253,-0.0042858,0.0204258
-0.0742473,-0.0982092,0.0140142,-0.0107927
0.00257713,-0.549997,-0.340498,-0.282204
-0.30533,0.432857,-0.121999,0.0479129
-0.00252311,-0.133376,-0.087597,-0.0703584
0.461943,0.267905,0.358717,0.557616
0.193436,0.453661,0.0962598,-0.0127473
0.109577,0.0614486,0.0815609,0.129259
-0.0391946,-0.186413,0.0287665,-0.128162
-0.133448,0.0608824,0.00262613,-0.0449254
0.038497,-0.109017,0.00703461,-0.028975
-0.279186,0.134431,0.277857,-0.0295527
-0.0992062,0.190889,0.0136531,-0.220265
-0.0603871,0.0306773,0.0591339,-0.00871914
0.0552166,0.194232,-0.156965,0.265707
-0.235221,-0.103816,-0.176749,-0.0881494
0.00909372,0.0400793,-0.0352824,0.0554244
0.0528408,0.0441983,-0.0528086,0.0175889
0.0129525,0.0108258,0.00359698,-0.0011983
-0.00244171,-0.00204152,-0.00625434,0.00208305
0.029132,0.0574318,0.00607516,-0.00205826
-0.0676828,-0.133414,-0.0351273,0.0119101
0.0160574,0.0316515,0.00464584,-0.001575
0.5438,-0.106492,-0.016364,0.0247826
-0.53419,0.104616,0.0206118,-0.0312213
0.120158,-0.0235305,-0.00347382,0.00526085
-0.114755,-0.0316715,0.0374093,-0.00429175
0.106401,0.0293618,-0.0105383,0.00120867
-0.018944,-0.00522611,0.00739772,-848622e-9
0.0485853,0.284676,0.0200993,0.248038
-0.159579,-0.112636,-0.240416,0.0581122
0.00853152,0.0591841,0.00159704,0.0532977
0.279186,-0.134431,-0.277857,0.0295527
0.0992062,-0.190888,-0.0136531,0.220265
0.0603871,-0.0306773,-0.0591339,0.00871914
0.0565353,-0.0558862,-0.0307101,-0.0391063
0.0138481,-0.0136999,0.00209199,0.00266357
-0.00261135,0.00258255,-0.00363707,-0.00463154
-0.0519311,0.0204314,-0.00446374,-0.00562418
0.120637,-0.0474699,0.0258192,0.0325165
-0.0286202,0.011262,-0.00341456,-0.00430061
0.0473592,0.477854,0.032296,0.00788227
-0.0465272,-0.46941,-0.0406853,-0.00992627
0.0104645,0.105587,0.00685582,0.00167332
-0.0488919,0.128379,0.014886,0.030165
0.0453279,-0.119033,-0.0041931,-0.00849761
-0.0080685,0.0211932,0.00294366,0.00596516
-0.076188,-0.345764,0.00338013,-0.356766
-0.34432,-0.32813,-0.220228,-0.156242
-0.0225796,-0.06508,-0.0143585,-0.0711315
-0.567985,0.356616,0.502219,-0.147285
-0.122154,-0.171786,0.031811,-0.2887
-0.079251,0.0562624,0.0722239,-0.0138041
-0.0252767,0.0469576,0.00388326,-0.00586877
0.0103066,-0.035284,-166208e-9,0.00317287
-0.00622007,0.00918516,816358e-9,-0.0017051
0.114432,0.144038,0.0745454,-0.0348557
0.420307,-0.78541,0.017,0.0283669
-0.00236876,0.0444608,0.00914484,-0.00641234
0.185037,-0.28893,-0.168304,0.472165
-0.0847045,-0.205769,-0.303826,-0.00908016
0.0293257,-0.0367763,-0.0165363,0.0689367
-0.210603,0.0142468,-0.290121,0.0252998
-0.00292401,-0.0732783,-0.127225,-0.245397
-0.0507722,-0.0197116,-0.0589846,-0.0136512
0.0338302,0.0276248,0.00771108,-0.00120884
-0.00540545,-0.0164751,-0.00316176,-976655e-9
0.0095581,0.00603361,0.00207764,-881747e-10
-0.370794,-0.182429,-0.0373722,0.0706183
0.268931,-0.273337,0.0252857,0.0246563
-0.0511844,-0.0105413,-0.00657353,0.00816045
0.0034525,0.00560249,0.0291165,-0.0579077
-0.0191793,-0.0311382,-0.0664947,0.132229
0.00255043,0.00414032,0.0157821,-0.0313834
-0.00605991,0.00457698,-0.0399194,-0.0419411
0.0336812,-0.0254274,0.0911506,0.0957775
-0.00447844,0.00338126,-0.0216338,-0.0227321
-544363e-13,-370723e-13,-970955e-13,881183e-13
-69019e-13,142232e-13,722005e-13,-668662e-13
566275e-15,-916478e-15,-851107e-15,304212e-14
-0.100305,-0.00522541,-0.100725,-0.00524323
0.00524718,273451e-9,0.00522214,271818e-9
0.00808155,42061e-8,0.00806559,420229e-9
0.0154765,-0.0454796,-0.00618069,0.00429954
0.0143066,-0.0420159,-0.0136137,0.00948342
0.00108943,-0.00320458,608394e-9,-424914e-9
-161248e-12,-958512e-13,269836e-12,-142623e-12
151125e-12,149757e-12,-227999e-12,105202e-12
-402322e-13,-329249e-13,508099e-13,-203282e-13
0.0462035,0.0325623,-0.0323601,0.0635101
-0.00321817,-0.00226842,-0.00717089,0.0140584
0.00548835,0.00386788,0.00140956,-0.00276463
0.0243096,-0.0425253,-0.0546999,-0.0580896
-0.00169351,0.00296204,-0.0121056,-0.0128665
0.00288757,-0.00505142,0.00238084,0.00252959
-0.0198644,0.214368,-0.019888,0.214609
0.00172873,-0.0186532,0.00177203,-0.0191238
962924e-9,-0.010392,959537e-9,-0.0103541
131252e-12,914666e-13,551744e-13,-327412e-13
-129303e-12,-748663e-13,-18122e-12,149091e-13
134385e-13,982333e-14,-291884e-14,315487e-14
388402e-12,-566833e-13,-688304e-13,981716e-13
-217176e-12,764596e-14,325082e-13,-265437e-13
515517e-13,-119464e-13,-31753e-13,-138779e-13
0.0466224,0.134151,0.012793,-0.0413993
-0.0606172,-0.174429,-0.0157466,0.0509412
0.00507435,0.0145973,706326e-10,-230612e-9
425794e-13,190876e-13,170707e-14,267358e-13
-11849e-12,-346692e-13,-198527e-13,-562608e-14
751042e-14,230612e-14,-39901e-14,478136e-14
-0.0327346,-0.00477877,-0.0328265,-0.00479166
-0.308441,-0.0450271,-0.309307,-0.0451486
-0.0172469,-0.00251775,-0.0172953,-0.00252455
220502e-9,0.41819,213441e-9,0.417032
121071e-11,0.00237115,117078e-11,0.00236458
411572e-10,0.0780532,398393e-10,0.0778372
-425793e-13,-190875e-13,-170706e-14,-267358e-13
11849e-12,346692e-13,198528e-13,562611e-14
-751041e-14,-23061e-13,39901e-14,-478136e-14
-0.0066336,0.00309978,0.0381496,-0.0257556
0.00132753,-0.00177011,-0.0138295,0.0246508
-0.00153166,93526e-8,0.00973752,-0.00409218
-0.00304137,-0.00659429,0.0210574,-0.0465953
721456e-9,0.00406976,-0.0218666,0.0206475
-723904e-9,-0.00204803,0.00306748,-0.0112833
-0.131546,-0.152062,-0.131519,-0.152031
-0.0295165,-0.0341201,-0.0295127,-0.0341157
-0.00705122,-0.00815091,-0.00704635,-0.00814539
-0.0186086,-0.0483591,-0.0314965,0.0367676
-0.00410201,-0.0106636,-0.00478889,0.00558973
-0.00420665,-0.0109318,-0.0072786,0.0084971
0.230274,0.266189,0.230272,0.266186
0.172578,0.199494,0.172576,0.199492
0.0349198,0.0403661,0.0349195,0.0403658
-0.119631,-0.033428,-0.361158,0.213206
-0.0174242,0.00990281,-0.028717,0.0573254
-0.0288085,-0.00910145,-0.14917,0.0711432
0.0287172,-0.0725862,-0.165921,0.0742407
0.0354209,-0.0280039,-0.212995,0.00744126
0.00469066,-0.0162379,0.0151913,0.030025
-0.284219,-0.328543,-0.284176,-0.3285
-0.174289,-0.201467,-0.174339,-0.201534
-0.0631213,-0.0729654,-0.0630879,-0.072928
-0.0125714,0.0357676,-0.0964036,0.0452354
0.00358071,-0.0101886,0.0908292,-0.0426164
-0.00249978,0.00711248,-0.0148709,0.00697471
0.0318857,0.0079175,-0.0112524,-0.118672
-0.00908268,-0.00225497,0.0105983,0.111809
0.00634056,0.00157435,-0.00173253,-0.0183048
-0.0401936,0.00746097,0.0972146,-0.103776
0.0507404,-0.00942368,-0.126613,0.135162
154777e-9,-293996e-10,0.0103192,-0.0110137
-107145e-12,358683e-12,-160644e-12,-938796e-13
11264e-11,-308184e-12,151256e-12,481118e-13
-262111e-13,766619e-13,-185097e-13,-178821e-13
6807e-11,44108e-11,37574e-11,34883e-12
49e-9,-365909e-12,-37002e-11,710334e-13
973345e-14,859616e-13,713995e-13,96055e-13
-0.456025,0.319072,-0.46116,0.322756
0.380023,-0.265893,0.384466,-0.26908
-0.0915626,0.0640651,-0.0925015,0.0647394
0.00367654,0.0292084,-0.138914,0.525383
-0.00458967,-0.0364873,0.137834,-0.521278
779395e-9,0.00619147,-0.0305916,0.1157
-0.0331541,0.00740727,0.399936,0.275193
0.0414166,-0.00924973,-0.39681,-0.273047
-0.00702785,0.00157022,0.0880738,0.0606029
-112674e-12,-225385e-12,457829e-13,46992e-12
-593401e-14,45017e-12,-750682e-13,293776e-13
-270081e-14,-450643e-14,-125939e-13,150849e-13
0.00731286,0.00379238,-0.0475225,0.00744075
0.0146457,0.00760668,-0.0450082,0.00705498
-580775e-9,-302681e-9,-0.00294045,459396e-9
0.136797,-0.145406,0.13413,-0.14251
-0.0353477,0.0375801,-0.033986,0.036102
0.0274151,-0.0291407,0.0268828,-0.0285621
-157703e-12,-397475e-12,-361844e-12,-124797e-12
907166e-13,338002e-12,334387e-12,168306e-13
-240411e-13,-74691e-12,-709706e-13,-245478e-13
0.0207958,0.0390126,-0.208,0.252788
-0.0386137,0.0207032,0.650495,0.22165
0.0050629,0.00410844,-0.0464019,0.0203856
-0.0373322,-0.0986782,0.278959,-0.137545
-0.0207737,-0.00302338,0.199634,0.656315
-0.00387538,-0.0132464,0.0240969,-0.03873
0.042184,0.0236927,-0.0433442,0.0274094
0.00648275,0.00364059,-0.00989905,0.00626132
0.00974451,0.00547328,-0.00985489,0.00623182
0.051478,0.0595025,0.0514023,0.0594236
-0.0593944,-0.0686525,-0.0591826,-0.0684188
0.0113741,0.0131473,0.0113604,0.0131329
-0.0180186,0.28565,0.0751527,0.263135
0.133637,-0.19702,0.0560138,0.00646982
-0.0850941,0.0823236,0.00434991,-0.0369535
-0.00778988,0.13891,0.0320463,0.116776
0.247906,-0.00783676,-0.305666,-0.0202035
0.240904,0.132049,0.0223259,-0.0451535
-0.103849,-0.0887835,-0.0297641,-0.0147975
0.120476,-0.0046499,-0.135158,-0.0103418
0.171458,-0.170948,-0.0328045,-0.0354111
-186617e-12,-901856e-13,-245922e-13,15769e-12
134891e-12,-189266e-14,129052e-13,-643541e-14
-0.31166,0.149747,0.0185664,0.0254886
-250262e-12,820911e-13,-511485e-14,880966e-14
0.252685,0.129615,-0.0432823,-0.020288
-0.0441714,0.337955,0.0352218,0.00481874
-963227e-13,92703e-12,-268846e-14,-620717e-14
-231051e-12,622779e-13,194259e-13,210851e-13
-0.124277,-0.414231,0.0355114,-0.0123251
-0.0978592,0.128228,-0.00876155,0.00176055
26054e-12,58457e-12,221331e-13,296221e-13
-0.345249,-0.079221,0.00367412,-0.00254283
-222144e-12,125726e-12,214475e-13,-246295e-13
285582e-12,-201637e-12,-775195e-14,150851e-13
-0.0383727,-0.0947129,0.00267049,0.00314401
-0.581866,-0.380717,-0.0695985,-0.00459308
-0.195697,0.596563,0.0279599,-0.280713
0.0909165,-0.3066,-0.001223,0.0873105
-0.283563,-0.186014,-0.0262458,0.00320557
-0.280818,0.53314,0.0311299,-0.0716044
-0.706666,-0.159793,-0.227632,-0.108133
0.362134,0.0710261,0.0730536,0.0273481
-0.137264,0.259857,0.00653611,-0.0288673
-0.0692793,0.644768,0.0329819,0.00723496
-744329e-13,-435422e-14,187116e-15,219222e-13
-780211e-13,182208e-12,-114256e-14,-33284e-13
0.0468559,-0.83439,-0.00337481,0.00467793
267109e-13,115924e-12,-101726e-14,-124058e-13
-0.215815,-0.402244,-0.07601,0.0172987
-0.583719,-0.665752,0.00122472,0.00637803
-102645e-12,-121579e-12,176698e-14,-237102e-14
208482e-12,13925e-11,103747e-13,264954e-13
0.377561,-0.320755,0.026623,-0.0284166
0.221513,-0.0386277,-0.00983905,0.0122085
-14761e-11,167025e-12,-404369e-14,866467e-14
-0.125907,0.0365373,-0.018729,-0.0154274
-436132e-12,931215e-13,199921e-13,-168168e-13
-724894e-13,612502e-12,-790654e-14,2015e-12
0.0463228,0.222038,-0.00545865,-0.00351696
0.0293728,-0.195168,-0.293934,-0.231809
-0.0541359,-0.182471,-0.529645,0.132544
0.0279049,0.0825661,0.257171,-0.064095
-0.0146746,-0.0378169,-0.170402,-0.123501
0.156627,0.144755,0.320328,0.472537
-0.199679,-0.0374817,0.488478,0.127205
0.0833272,0.0187572,-0.238507,-0.0618264
0.0496945,0.0713037,0.149999,0.231258
-0.304058,-0.0664656,-0.232128,0.0461542
-0.0757506,0.339212,0.172319,-0.169531
0.0313971,-0.0420468,-0.0137362,0.018129
-0.00531312,-0.098343,-0.0312326,0.0344152
-0.133829,0.128796,-0.10989,-0.200441
-0.18907,0.0739479,0.244271,0.0109045
-0.0199162,-0.0316942,-0.0219053,-0.00423681
-0.0145743,0.234815,0.0104306,-0.0405561
0.0612958,0.0834549,0.00192955,-0.00259951
-0.173544,0.0486288,-301593e-9,-0.00185455
-0.229581,0.0643289,-0.00250592,-0.0153632
-0.252874,-0.344262,-0.0125186,0.0168654
-0.268755,0.199271,0.00969904,-0.0693986
0.0297406,0.104367,-0.0184792,-0.0237426
-636493e-9,-0.0022378,0.0108457,0.0139352
-0.15226,0.112894,0.00481969,-0.0344849
0.182661,0.617323,-0.0334714,-0.017819
-0.124068,-0.00903392,0.00399615,-0.00128682
0.194706,0.0141745,0.00309273,-992748e-9
0.00160955,0.00542419,-0.00318568,-0.00169558
0.165968,0.0413152,-0.133239,0.397295
-0.215525,0.0423024,-0.271121,-0.405441
0.097894,-0.0230577,0.131423,0.196942
0.0338259,-0.00956437,-0.0657726,0.226211
-0.137701,0.123274,0.376936,-0.51604
-0.0648241,0.225308,0.0402797,0.449122
0.030631,-0.0936823,-0.0199058,-0.219206
-0.0655815,0.0370351,0.187028,-0.245416
0.0822282,-0.256871,0.136318,0.227171
0.381432,0.123997,0.194509,0.0938037
-0.0448814,-0.0406522,-0.0193861,-0.00608621
0.0852756,0.00346606,0.0480627,0.0199115
-0.100158,-0.125997,-0.169705,0.191511
0.0643433,0.225265,0.0644652,0.208703
-0.0385813,0.0194252,-0.00304046,-0.0196981
-0.201382,-0.0317936,-0.046676,0.00432832
-0.077014,0.046049,-0.00346811,-0.00105133
0.036949,0.204669,0.00146864,-812688e-9
0.0488773,0.270756,0.012164,-0.00673852
0.317694,-0.189976,0.0225006,0.00682079
-0.149913,-0.248166,-0.0767924,0.015994
0.123139,-0.0227904,0.0143954,-0.0226969
-0.00264018,487289e-9,-0.00844912,0.0133212
-0.0849313,-0.140596,-0.038159,0.00794746
-0.547517,0.107052,-0.00613334,0.0420014
-0.0239015,0.141546,0.00228675,0.00297258
0.0375065,-0.222134,0.00176716,0.00230152
-0.00481121,944579e-9,-583366e-9,0.00399739
0.0295869,-0.320056,-0.0938914,-0.259112
0.270672,-0.103042,-0.250581,0.0749182
-0.026682,0.0268441,0.134026,0.12145
879642e-9,-0.0295468,0.0269778,-0.0395585
-0.278535,672895e-9,0.308505,-0.00106201
0.147878,0.299718,-0.012536,0.233306
-0.0337469,-0.0277265,0.142534,-0.0760961
-0.0255621,0.00165959,0.0314942,0.0433705
0.288224,-0.0919056,-0.0471583,0.014342
-118046e-12,-406129e-13,-302644e-14,107073e-13
-488152e-13,322493e-13,-148923e-13,-548903e-14
-0.329288,0.186263,-0.00567966,0.0483892
121144e-12,174373e-12,257102e-13,716653e-14
0.148578,-0.373346,-0.047375,0.0441842
0.0621125,-0.300796,-0.009264,-0.0473313
398615e-13,308115e-12,150098e-13,790102e-16
0.724458,-0.823436,-0.069159,-0.0928333
-101514e-12,684043e-13,333867e-14,887358e-14
445191e-13,-244793e-13,-246449e-14,-15489e-13
0.297449,-0.326157,-0.0347805,-0.0321387
468406e-13,120867e-12,538212e-14,545785e-14
0.117216,1.02906,0.0683957,0.125792
-0.00997152,-0.429749,-0.0400865,-0.0180445
179809e-13,489749e-13,257406e-14,17907e-13
131703e-13,216947e-12,-874483e-13,-174934e-13
0.142719,0.00248695,-0.0186144,-0.0284332
0.0572954,0.0858268,0.00198904,0.0259689
163086e-12,274124e-12,-309401e-13,182083e-13
-0.219151,0.399768,0.0208133,-0.0372709
-353489e-12,131149e-12,-593456e-14,-44868e-12
-149053e-12,566927e-13,252927e-14,116588e-13
-0.121797,0.267879,0.0313224,-0.0205115
0.0275152,-0.131975,-0.0829386,-0.289529
0.136465,0.0453707,0.0675351,0.236346
-0.0251791,-0.0414668,-0.17523,-0.0139185
0.00691737,-0.0116697,-0.0413719,-0.015359
-0.116107,-0.0129349,0.33642,0.021969
-0.0372475,0.161717,0.21911,0.0144537
0.0448929,-0.0334458,-0.0645274,0.143161
-0.0106336,-0.00501247,0.0318122,-0.037794
0.0841002,-0.118802,0.0155188,-0.0469289
155669e-13,491804e-13,-405307e-13,172384e-14
-613037e-13,-48896e-12,125164e-13,-266584e-14
-0.181879,-0.0215555,0.0454501,0.00435539
-177027e-12,62845e-12,-401408e-14,-245492e-14
0.0342844,-0.165615,-0.0503044,-0.0477397
0.146851,-0.0822153,-0.0113056,0.0419832
-187815e-12,117075e-12,-116872e-13,-13033e-12
0.458762,-0.187322,-0.116313,-0.0168261
-68714e-12,-324252e-13,143652e-14,-841596e-14
2445e-11,338382e-14,-227209e-14,168735e-14
0.17141,-0.088834,-0.0473455,-0.0154988
-537315e-14,583196e-13,778178e-14,431879e-16
-0.511635,0.389238,0.00399074,-0.128874
0.120844,-0.170328,-0.030479,0.0299639
-316595e-16,228178e-13,324643e-14,58486e-14
-20865e-11,130214e-12,-45591e-13,-537142e-13
-0.0743755,0.188822,0.0209594,0.0235812
0.0822493,-0.0460371,-0.0254341,-0.00824499
-122692e-12,155825e-12,372434e-13,475098e-14
-0.310968,-0.0266338,-0.0387828,-0.00333733
-858613e-14,390797e-13,185468e-13,-184716e-13
-159947e-12,-362743e-13,-101146e-13,-999812e-14
-0.237325,-0.0525513,-0.0300019,0.0165112
0.0493075,0.0634708,340018e-10,0.131031
235677e-13,-922193e-14,-330931e-13,103486e-12
-117581e-13,-432681e-14,607496e-13,-879271e-13
0.00613654,0.0269583,-0.373266,-0.532436
-0.0329418,0.0287904,-0.153581,-0.497426
-185229e-13,-213543e-13,-169835e-12,47878e-12
-570873e-14,703598e-14,-250302e-13,145295e-13
0.0209448,0.0102211,0.111829,0.680519
0.00768403,0.0500444,-0.264915,-0.14707
-550631e-13,-74765e-13,197426e-13,150485e-12
236162e-13,-104141e-13,-509104e-14,-201161e-12
0.0352009,-0.0174374,0.252343,0.0264843
-0.0751182,-0.0289181,-0.135448,-0.282229
128779e-13,733063e-15,-138654e-12,-821846e-13
-796373e-14,-24892e-12,180737e-12,324085e-13
-0.0344062,-0.0384799,0.00905712,0.241069
-0.198392,0.0223215,-0.0807775,0.0498997
-135624e-12,-62232e-13,378862e-13,644882e-13
-121409e-13,-270114e-13,168776e-14,582615e-14
-0.00896947,0.00101193,-0.0194983,0.0120457
0.00135216,0.0115663,-0.0161025,0.0282754
-237425e-14,285683e-13,285621e-13,206631e-13
-105395e-15,465626e-14,-504339e-14,-542495e-14
0.00321925,0.0275067,0.0378534,-0.0664549
0.0891329,0.0212288,-0.045386,-0.0535926
-979696e-13,-419996e-13,429058e-13,-347059e-13
106757e-12,563144e-13,-586003e-13,455728e-13
0.0363227,0.00865219,-0.00507234,-0.00599218
-334043e-13,211593e-13,105776e-12,-103913e-12
-0.0237577,0.0116047,0.0958799,-0.435921
-0.0134648,0.0202912,0.111105,-0.658428
-151532e-13,115656e-13,115094e-12,300465e-13
72311e-13,104669e-13,545233e-13,229234e-13
0.0306032,0.0429406,-0.308102,0.427168
0.00646847,0.0197236,-0.380199,0.47945
854766e-14,123474e-13,-391413e-13,-107118e-12
-568692e-13,341625e-13,813113e-13,316142e-13
-0.00187932,0.0276456,-0.0157702,-0.229598
-0.0569167,0.00124274,-0.160908,-0.255788
-30322e-13,-940941e-15,-183244e-13,240725e-13
-129762e-13,-22442e-12,289264e-13,-684411e-15
-0.015612,-0.0620253,0.0455344,-0.241597
-0.0178694,0.0296436,0.179856,-0.231491
169585e-13,-86636e-14,-188288e-13,-554826e-13
-158184e-13,-155852e-13,111963e-13,-609085e-14
0.228221,0.189717,0.123837,0.0319143
-0.014742,-0.0122541,-0.0219205,-0.00564956
-499858e-13,-149279e-13,444879e-14,125638e-14
-438563e-13,598823e-13,784196e-14,211506e-14
0.0676701,-0.0821429,-0.0118596,0.00299213
0.00281672,-0.00341879,0.0419137,-0.0105898
-193409e-13,321428e-13,-196972e-14,122281e-13
683917e-13,456844e-13,-388625e-14,148067e-13
0.105619,0.179684,0.00800502,-0.0774989
-0.100092,-0.170282,-0.00596282,0.0577048
202392e-14,-468661e-14,-47155e-13,446472e-14
0.119296,-0.0157593,0.825847,0.331268
-948145e-14,153518e-13,-199452e-13,-532488e-13
342486e-14,-660714e-14,705908e-14,215091e-13
0.0469629,-0.0288632,0.289526,0.184014
-0.0502208,-0.141018,-0.344524,0.757608
-352805e-14,666636e-14,370005e-13,-419945e-13
258965e-14,-203956e-14,-141353e-13,174784e-13
0.0105564,-0.0241837,-0.0735175,0.324381
0.163133,0.0421904,0.0727961,-0.0138664
128453e-13,-162139e-14,338445e-14,137645e-14
836211e-14,-10554e-13,193146e-14,785591e-15
-0.0757258,-0.0195837,-0.0375481,0.00715306
0.316146,-0.340959,0.0618222,-0.195455
193305e-13,-499824e-13,101802e-13,-840072e-14
-381539e-14,986567e-14,-200938e-14,165818e-14
0.0520438,-0.0561263,0.0101776,-0.0321748
-0.0352439,-0.0240526,0.0202136,0.0575705
-399428e-13,-894511e-14,-184807e-14,765004e-14
133915e-13,29992e-13,609391e-15,-252226e-14
0.0196635,0.0134206,723868e-9,0.00205731
-81574e-13,-1165e-11,-511431e-13,-292546e-13
-0.152253,-0.0112468,-0.187633,-0.837994
0.0629671,-825004e-10,0.0608701,0.336423
-558736e-14,-335061e-14,-173109e-13,-147079e-13
-120485e-13,12956e-12,295023e-13,-465458e-13
-0.0638148,-459958e-9,0.640794,-0.55124
0.0254194,0.011478,-0.247786,0.23206
-311149e-14,211834e-15,777886e-14,-20604e-12
-447115e-14,-194061e-13,-490055e-14,245856e-15
0.0623146,0.0900961,0.0477642,0.027627
0.0405651,0.0586515,0.027258,0.0157674
207572e-14,900839e-14,252778e-14,-126816e-15
-529916e-13,-145586e-13,-583647e-14,122552e-13
0.450663,-0.0500043,0.16975,-0.104496
-0.0889524,0.00987099,-0.0335052,0.020626
-872317e-14,-239675e-14,-960802e-15,201738e-14
-600376e-15,500697e-14,-80087e-14,-395995e-14
-0.0887741,-0.334753,-0.0435516,0.110588
0.0297616,0.112232,0.0143603,-0.0364614
33505e-14,-279366e-14,-287103e-16,-141548e-15
0.0014533,0.00143065,-0.160146,0.086256
0.00127656,-0.00287718,-0.0980515,-0.0309824
0.008388,-0.0189053,-0.403627,-0.127555
-0.0111906,-0.011026,0.212048,-0.114214
0.00111529,-0.00137088,-0.0303993,-0.201336
0.00344446,0.00115293,-0.0556115,0.0731151
0.0226328,0.00757553,-0.228937,0.300972
-0.0085962,0.0105566,0.0402542,0.266589
0.0324011,-0.123543,0.190775,-0.227513
108145e-13,-867778e-14,157658e-13,973416e-14
-479391e-14,-304407e-14,115753e-13,-205393e-13
0.00576554,-0.021985,0.0121464,-0.0144846
-750401e-13,-743693e-13,-840839e-13,-115098e-13
0.0494633,0.0808406,0.0215212,0.198848
-0.0118527,-0.0193728,-933971e-9,-0.00865353
675766e-14,206928e-14,317064e-14,108959e-13
-0.00593297,-0.0544169,0.0355955,-0.103013
235209e-14,-850008e-14,-268977e-14,-109013e-13
119971e-14,-433532e-14,-124131e-14,-503154e-14
0.00342373,0.0313926,-0.0232106,0.0671734
602954e-14,23451e-13,-139544e-14,708039e-14
-0.0546269,-0.050838,-0.0629011,-0.15748
-0.0278606,-0.0259293,-0.0290303,-0.0726835
-34785e-13,-135281e-14,909828e-15,-461721e-14
-973902e-13,-346738e-13,173997e-12,-888584e-13
-0.0524988,0.0147001,0.0224121,0.023202
0.0244145,-0.00683676,-0.0293508,-0.0303741
467029e-14,965441e-14,119814e-13,-390878e-13
-0.0163552,-0.0950721,-0.0958414,0.075252
398355e-13,-452089e-13,-163009e-13,-36375e-13
-15072e-12,126058e-13,184287e-13,-154948e-13
0.00384385,0.0223363,0.0273957,-0.0215123
-0.164007,0.112977,-0.445851,0.0728168
-236205e-13,539665e-14,-228736e-13,207377e-13
389868e-14,-89081e-14,37753e-13,-342296e-14
-0.0322796,0.0222353,-0.0877509,0.0143305
-290351e-14,-23358e-12,285769e-13,-884018e-14
-0.0516948,0.198378,-0.299036,0.357767
0.00853192,-0.0327438,0.0493567,-0.0590527
-571397e-15,-459725e-14,562446e-14,-173986e-14
-0.0213883,0.0215109,-0.109061,-600494e-9
0.0626286,0.0281273,0.228718,0.238215
-0.0311234,-0.0139777,-0.129755,-0.135142
-0.0125833,0.0126559,-0.00188862,-911812e-11
0.0203082,0.016691,0.041829,-0.114696
-0.0254864,0.075014,0.269269,-0.120527
0.0126652,-0.0372783,-0.152759,0.0683767
0.0119482,0.00981976,723007e-9,-0.00198668
-0.0116804,-0.00311491,0.0983521,-0.0385327
-678097e-14,-21463e-13,-430727e-14,347117e-13
130463e-13,11885e-12,469335e-14,-157758e-13
-0.0414088,-0.011062,-0.00443681,0.00173854
281658e-13,-380358e-13,-165189e-13,-533152e-14
-0.0274675,0.0166319,-0.00448204,0.0108513
-0.0654083,0.0396168,0.0106161,-0.0256935
189425e-14,-88574e-13,21036e-13,248071e-14
315285e-13,-397434e-13,194558e-13,-552454e-14
-0.0144488,-0.0524468,-0.00516836,-0.0187656
-0.00586704,-0.0213476,-0.0016733,-0.00608697
136519e-13,-387047e-14,-951318e-14,-114703e-14
0.0787287,-0.013181,0.0190331,-0.00318097
-165371e-13,368242e-13,-4262e-11,-250481e-13
544051e-13,184073e-13,20354e-12,835067e-14
0.0335245,-0.00561244,0.0100316,-0.00167874
-318026e-13,584465e-13,-456512e-12,-794679e-13
0.0135158,-0.00622676,0.155266,-0.257725
-3979e-7,0.00261377,0.0882323,-0.0483757
-105595e-13,108198e-13,-237101e-12,-235425e-12
-485534e-13,-144803e-13,-609483e-13,48321e-14
-0.00490621,0.0175241,0.160676,-0.134389
0.00358485,-0.00610868,-0.205732,0.0773656
-212523e-13,684142e-15,-37265e-12,273117e-12
223293e-13,-984933e-14,-139888e-12,-179101e-12
0.00874882,0.04387,-0.0601365,-0.402
0.00695477,-0.0244802,0.0755586,0.274146
536753e-14,297981e-13,635932e-13,-387345e-13
26964e-12,-727869e-13,-103381e-12,-616919e-13
0.0353984,0.00197299,0.376275,0.00981712
-0.0410395,0.0123829,-0.255418,-0.0435585
-551865e-15,-541775e-13,-435275e-13,120005e-12
309411e-14,-518141e-13,-212327e-13,-458357e-14
-0.0490016,0.110465,-0.0596672,-0.0771586
-0.0138615,0.0312435,-0.0137211,-0.0177458
669971e-13,31998e-12,-581602e-14,-682733e-14
-830037e-14,-387435e-13,-242141e-14,-338365e-13
-0.0173813,-0.00760891,-0.0713694,-0.0312675
0.00907952,0.00397704,0.030552,0.0133848
-176351e-14,-273065e-13,190881e-13,-266485e-13
-922131e-13,-772156e-13,280579e-13,-148625e-13
-0.0814233,0.0851009,-0.053872,0.0563179
0.110938,-0.115942,0.086069,-0.0899672
-746357e-14,-394878e-14,173772e-13,183115e-14
0.00702434,0.0504003,0.52291,0.360365
-128104e-13,444982e-13,119444e-12,-963757e-13
407117e-14,-422731e-13,-118557e-12,157645e-13
0.00382933,0.0154527,0.00675731,-0.0542729
-0.0148861,0.0137271,0.0233241,-0.184726
-897921e-15,228309e-13,222491e-12,-340175e-13
-274421e-13,-214574e-13,846519e-14,563434e-13
-0.0086544,0.00230955,0.136838,0.237205
0.0189909,0.00801952,-0.133356,0.122261
376899e-13,-978632e-13,183674e-14,-241166e-12
241901e-13,-746118e-14,-75371e-12,25129e-11
0.00119837,0.0159629,0.051899,0.0791567
-0.0185039,-0.037196,0.0814961,-0.142024
767364e-13,561389e-13,153038e-12,111131e-12
743297e-14,-38197e-12,-214895e-12,-122958e-12
-0.0209462,-0.0262482,0.0995991,0.0338169
0.0312443,0.0101724,-0.0400262,0.0381038
-189588e-12,-529806e-13,-179906e-13,-969128e-13
690911e-13,254108e-14,-359559e-14,-808002e-14
0.0395231,0.0128763,-0.0183783,0.017495
-0.00631415,0.0196716,-0.0166471,0.0518555
222107e-13,392916e-13,-338175e-13,-346974e-13
-603644e-14,639073e-14,931138e-14,65763e-13
0.00168491,-0.0052587,0.00673177,-0.0210109
-0.0761152,-0.0591613,-0.0694533,-0.0539777
-114823e-12,-101826e-12,-692412e-13,243478e-13
940081e-13,113991e-12,937444e-13,-354043e-13
-0.018503,-0.014378,-0.0243252,-0.0189052
0.00354722,0.00163852,0.0426527,0.118762
-0.00266663,0.0370911,-0.279852,0.57145
252452e-9,-0.00350709,0.00227155,-0.00462934
-0.00315473,-0.00145362,0.0667413,0.185844
0.00112319,-0.0031943,-0.141257,843907e-10
-0.0429011,979468e-9,0.39619,0.407599
0.00405648,-922527e-10,-0.00320821,-0.00330573
-995849e-9,0.00284058,-0.221043,128614e-9
0.00691043,0.0771211,-0.137602,-0.155718
155269e-13,647605e-14,-286231e-13,-233274e-13
-440272e-14,-733419e-14,-18762e-13,329634e-14
0.00516137,0.0575755,-0.130919,-0.148153
68859e-12,314299e-13,-216826e-13,626027e-13
0.0545793,0.0437637,-0.0919579,-0.00381691
-0.00616658,-0.0049424,0.037565,0.00155817
94323e-12,388385e-13,-30614e-12,684333e-13
-0.0523124,-0.107055,0.305886,0.160018
-54023e-14,-711676e-14,279387e-14,-259204e-15
185423e-16,246399e-15,157043e-14,-145782e-15
-0.0173106,-0.0354231,0.102721,0.0537346
140784e-13,352256e-15,-215207e-13,-770588e-14
-0.0555317,-0.0237258,0.0412528,-0.00968678
0.00192183,822655e-9,0.0231888,-0.00544588
465839e-14,116424e-15,-72269e-13,-258765e-14
723227e-13,126531e-14,-45464e-12,-151056e-12
-0.0707782,0.0504051,-0.078315,0.055779
0.0247666,-0.0176379,0.0185598,-0.0132156
967763e-13,108936e-13,-355094e-13,-167742e-12
0.0365742,0.0644489,0.0572483,0.100853
400077e-13,-444426e-13,-233553e-13,-29256e-12
-176445e-13,189703e-14,46229e-13,-456976e-14
0.06036,0.10635,0.0793491,0.139778
-0.078038,-0.082633,-0.00505279,0.051952
0.35759,0.21467,0.247396,0.11144
0.0914006,0.0902722,-0.00465496,-0.045386
0.0379568,-0.070865,-0.0265204,0.00492833
-0.163187,0.237905,459587e-9,0.0107835
-0.0094821,0.278871,0.0706416,0.259371
0.125297,-0.24451,0.0102111,-0.0137695
-0.0587427,0.148965,0.0124464,-0.0266572
0.0793977,0.221247,0.00352161,-0.00412434
-0.00497776,-0.00919481,-915874e-9,854122e-9
0.162218,0.148357,-0.00533642,308852e-10
-0.0459701,0.0290696,0.00483112,-0.00191173
0.235001,0.00253948,0.00706958,0.0186888
-0.0185747,-0.0268336,0.003491,0.00296405
-0.192022,-0.0383648,-0.00526202,-0.0155572
0.0191881,-0.145135,0.00193503,0.00238323
0.352081,0.252209,0.138952,-0.0347861
-0.953802,0.456839,-0.0535823,0.0385939
-0.343716,-0.245742,-0.144279,0.0424713
0.00906349,0.182753,-0.00747358,-0.0181978
0.00316512,-0.695231,0.0612231,0.132473
-0.531621,-0.426271,-0.082013,-0.00497363
-0.0185931,0.683797,-0.0543884,-0.137893
-0.0848664,-0.438558,-0.0103941,0.00335396
-0.472764,-0.423461,-0.00618925,0.00991614
0.0203038,0.0189699,982694e-9,-0.00169904
-0.359601,-0.373101,-0.0084535,0.0100048
-0.0400668,-0.00950388,0.00225124,-0.00147533
0.0826303,-0.0301177,0.0227588,0.0159831
0.027575,0.0656752,-0.00596397,-0.00224423
-0.0210394,0.110865,-0.0214646,-0.0145624
0.192922,0.342978,-0.00127671,-482114e-10
-0.092268,0.00361382,0.131052,0.0436894
-0.0694711,0.123846,0.0149541,-0.139812
0.109185,-0.0150028,-0.116455,-0.0503192
-0.0260106,-0.00697612,0.0375557,0.0258888
0.0909262,0.113491,-0.0295105,0.151971
-0.147217,-0.0608317,-0.115229,-0.0496307
-0.088496,-0.12134,0.0173405,-0.140358
0.0398681,0.0416482,0.00187117,0.0497332
0.0465186,0.0389054,-0.027173,0.00905152
-0.0055346,-0.00462374,-0.00489003,0.00162903
0.221884,0.185559,-0.0196401,0.00653995
-0.138465,-0.115798,0.0190456,-0.00634303
-0.0999607,-0.197054,-0.023377,0.00792564
-0.173634,-0.342279,-0.0428223,0.014519
0.0284187,0.0560214,0.00582327,-0.00197346
-0.0516771,-0.101871,-0.0122138,0.00414102
0.312781,0.107614,-0.0293918,0.0240895
129962e-9,464064e-10,-0.00218954,0.00179448
-0.358814,-0.123456,0.0397448,-0.0325756
0.0454514,0.0156355,-0.00156365,0.00128107
0.0137388,0.0150005,-0.00182714,0.00124844
0.522949,0.57083,0.0617169,-0.042139
-0.0202149,-0.0220617,-450029e-9,306956e-9
-0.013427,-0.0146618,-0.00185508,0.00126632
-0.160151,0.0313618,0.00450331,-0.00681946
-0.179499,0.0351537,0.0104497,-0.0158294
0.187304,-0.0366776,-0.00515926,0.00781261
-0.0197769,0.00387281,325309e-9,-491939e-9
-0.0993226,-0.0274341,0.0185117,-0.00212456
-0.0514332,-0.0141803,0.0139139,-0.00159626
0.0774281,0.0213859,-0.0149054,0.0017104
0.0437108,0.0120779,0.00433446,-496941e-9
0.066489,0.155063,0.0730576,0.104887
-0.0996028,-0.0641952,-0.151413,0.0423605
-0.0654251,-0.167464,-0.077603,-0.0907877
0.0286221,0.0556553,0.0356852,0.0272509
0.092268,-0.00361381,-0.131052,-0.0436894
0.0694711,-0.123846,-0.0149541,0.139812
-0.109185,0.0150028,0.116455,0.0503192
0.0260106,0.00697616,-0.0375557,-0.0258888
0.0497651,-0.0492003,-0.0158029,-0.0201221
-0.00591539,0.00585408,-0.00284394,-0.00362113
0.237357,-0.234676,-0.0114202,-0.0145445
-0.148122,0.146448,0.0110753,0.014104
0.178181,-0.0701067,0.017182,0.0216397
0.309498,-0.121778,0.0314749,0.0396397
-0.050656,0.019931,-0.00427918,-0.00539082
0.0921146,-0.0362434,0.00897717,0.011306
0.157721,-0.347595,-0.0291178,-0.0174548
673147e-10,-144326e-9,-0.00216906,-0.00130032
-0.180937,0.398752,0.0393749,0.0236028
0.0229163,-0.0505107,-0.00154867,-928744e-9
-0.0140655,0.0106248,0.00200573,0.00145377
-0.535262,0.404425,-0.0677167,-0.0491167
0.0206873,-0.0156337,493429e-9,358264e-9
0.0137478,-0.0103833,0.00203512,0.00147646
-0.013947,-0.140729,-0.00888705,-0.00216941
-0.0156345,-0.157732,-0.0206274,-0.005032
0.0163101,0.16459,0.0101813,0.00248542
-0.00172219,-0.0173786,-641242e-9,-156947e-9
-0.0423429,0.111112,0.00736684,0.0149266
-0.0218971,0.057541,0.00553657,0.0112195
0.0330081,-0.0866189,-0.00593145,-0.0120188
0.0186394,-0.0488989,0.0017245,0.00349519
0.098785,-0.0807341,0.315482,-0.198151
0.238639,0.0362764,0.426714,0.495356
-0.0966913,0.0728514,-0.344442,0.21264
-0.0294191,0.00629955,0.217638,-0.0539808
0.0301334,0.13554,-0.485219,0.164081
0.158026,-0.222834,-0.160049,-0.613936
-0.0279758,-0.137495,0.477228,-0.161232
-0.00151484,0.0103813,-0.283865,-0.053513
-0.10895,0.0500974,0.111681,-0.137314
0.00154993,0.00395802,-92207e-9,0.00314804
-0.115262,0.0575316,0.122125,-0.105724
-605061e-9,-0.00317789,-0.00650766,-0.0106604
0.148145,-0.154526,0.0946717,0.0568125
0.00591064,-0.00214937,-0.00473428,0.00321535
0.131962,-0.179311,0.101511,0.0171739
0.00830358,0.00585603,-0.00452757,0.0134712
-0.0426681,-0.189937,-0.0112445,-0.0297656
0.156835,-0.934814,-0.0433431,0.0307859
0.0647252,0.153409,0.00954372,0.0391607
-0.0286096,-0.28634,-0.0145813,-0.0258461
0.588284,0.307399,0.0406713,-0.0125019
-1.02389,-0.690309,-0.0329074,0.0488034
-0.591324,-0.31581,-0.0387561,0.0135959
0.102088,0.0865411,-0.00296671,-0.00807895
0.0464093,0.0735202,0.0588793,0.0511709
-0.175829,-0.067006,-0.0260965,0.014634
-0.0516431,-0.0775407,-0.0595592,-0.0521652
-0.105079,0.0139054,0.0266853,0.0269164
-0.0229933,0.130151,0.0181338,-0.00577306
0.00380778,-0.00541283,549049e-9,1418e-7
-0.106552,0.255248,0.0082128,-0.0116091
-0.00620904,0.0143628,501662e-9,-467816e-9
0.0750299,-0.00509195,-0.265167,0.185954
0.102414,0.0435771,0.349874,0.622196
-0.0696726,0.021631,0.271969,-0.216524
-0.00274938,-0.00926701,-0.118092,0.19249
-0.0603384,0.0468389,0.4742,-0.0734384
0.0713863,-0.0801455,-0.0110183,-0.704617
0.0587814,-0.0405403,-0.474717,0.0617141
-0.0301114,-0.00884027,0.21819,-0.180479
-0.00371989,-0.0271698,0.0793309,0.0991856
-879377e-9,0.00367576,0.00341488,-0.00418975
-0.0116493,-0.0594276,0.0364321,0.100443
0.00219872,0.0111923,0.0144141,-0.00257287
0.0947774,-0.0664792,-0.137486,0.107486
889677e-9,-0.00113774,0.00258567,-265858e-9
0.141111,-0.0276491,-0.107982,0.122073
-0.0157911,-0.0157753,-0.00982358,-0.00821814
0.196955,-0.0402963,0.0229822,0.0199474
0.124334,-0.379219,-0.0524244,0.0256959
-0.228768,0.0176289,-0.032973,-0.0218198
0.214642,-0.0783617,0.0174445,0.0213811
0.0117528,0.420742,-0.0379652,-0.00554652
-0.23199,-0.532172,0.0334182,0.0463255
-0.0211004,-0.414128,0.036295,0.00710572
0.047259,0.0302356,0.00214197,-0.00931865
0.0505815,-0.14611,-0.0730642,-0.0155084
-0.0898249,0.0653737,-0.00195368,0.0296596
-0.0542304,0.152733,0.0742793,0.0154408
-0.027712,-0.0854377,-0.0365412,-0.00475346
-0.122878,-0.011357,-0.00657007,0.0178145
327797e-9,-0.0029872,955386e-10,614244e-9
-0.13782,0.0523504,-0.0113502,0.00595039
-0.00740089,0.00320354,-468189e-9,42029e-8
-0.00321318,-0.00521488,-0.0279172,0.0555192
-0.0233199,-0.03786,-0.170526,0.339121
0.0127329,0.0206712,0.0983861,-0.195662
-0.00665036,-0.0107968,-0.0508761,0.101178
0.00564062,-0.00425973,0.0382723,0.0402128
0.0409519,-0.0309167,0.233773,0.245629
-0.0223593,0.0168807,-0.13488,-0.141718
0.0116785,-0.00881683,0.0697471,0.0732832
-966511e-14,-454368e-14,-880152e-13,647068e-13
-531628e-13,-588063e-13,-659278e-13,246102e-13
-17345e-12,326826e-13,806804e-13,-457931e-13
201887e-13,-526721e-14,-124844e-13,947518e-15
-0.0275114,-0.00143089,-0.0343614,-0.00178875
0.116396,0.00606224,0.116405,0.00606099
0.0342193,0.00178255,0.0271733,0.00141673
-0.0340615,-0.00177301,-0.0339656,-0.00176944
440843e-13,632189e-13,310515e-13,-535803e-13
-163916e-13,-15247e-12,-208964e-13,357135e-13
-535905e-14,-519613e-13,-116262e-13,990666e-14
246554e-13,220687e-13,269275e-13,-445707e-13
-0.0338868,0.00758446,-0.0268195,0.00600214
-0.0654671,0.0146494,0.00700822,-0.00156966
-0.0134547,0.00300954,-0.0249491,0.00558408
0.0106826,-0.00239003,0.0111871,-0.00250381
0.0134964,-0.0396445,-0.0179223,0.0124838
0.0192238,-0.0564669,-0.0422132,0.0294035
0.00349677,-0.010278,0.00733984,-0.0051171
-0.00261286,0.00767474,-0.001383,96573e-8
-137737e-12,-754213e-13,15313e-11,-802715e-13
-256693e-12,-168547e-12,200503e-12,-944402e-13
110865e-12,855323e-13,-153884e-12,100199e-12
191921e-13,158393e-13,136389e-13,-242283e-13
-0.0172578,-0.0121609,0.132889,-0.260747
0.00431409,0.0030408,0.0028828,-0.00564824
-0.0236284,-0.0166535,0.0281059,-0.0551515
-0.0166649,-0.0117442,0.0830448,-0.162947
-0.0090786,0.0158838,0.224564,0.238526
0.00227014,-0.00397066,0.00486267,0.00517134
-0.0124329,0.0217474,0.0474994,0.0504492
-0.00876767,0.0153382,0.140337,0.14906
0.0043396,-0.0468441,408734e-9,-0.00440329
-0.00187706,0.0202484,-0.00193119,0.0208468
-454436e-9,0.00490981,-0.00427184,0.0460839
0.00122085,-0.013178,0.00121988,-0.0131599
591653e-13,222397e-13,275838e-13,-674278e-15
957454e-13,886691e-13,-412763e-14,266455e-13
-121008e-12,-775764e-13,-990147e-14,-113951e-13
-243626e-13,-255382e-13,100676e-13,-689021e-15
-0.0382303,-0.136692,-0.0267464,-0.0956327
0.00354837,0.0126966,0.00282952,0.0101241
0.00534189,0.0191012,-0.00803475,-0.0287315
-0.0147209,-0.0526348,-0.0125162,-0.0447527
-174529e-14,-185645e-13,41568e-13,-160904e-13
547795e-13,-209002e-13,-738777e-14,-464609e-13
697498e-14,16703e-12,634721e-14,224834e-13
319534e-14,-129518e-14,-568546e-15,-643022e-16
192031e-13,664733e-13,-217046e-13,-800823e-14
407653e-13,621592e-13,-14284e-12,461015e-13
-370446e-13,-763691e-13,126632e-13,-372748e-13
-13976e-12,7276e-12,-332756e-14,-333481e-13
0.0569114,0.163771,0.0219374,-0.0709737
0.0587855,0.169135,0.0155624,-0.0503574
-0.0704327,-0.202677,-0.0178681,0.0577997
688563e-9,0.0019863,0.00449342,-0.0145388
906067e-10,47731e-8,0.0212496,-0.0193899
0.0136284,0.0720445,0.565882,-0.516452
388243e-9,0.0020566,-0.0152866,0.0139549
-419323e-9,-0.00221544,-0.0151082,0.0137934
-538448e-9,156107e-9,-0.00989998,-0.0237146
-0.0812796,0.0235092,-0.263717,-0.631552
-0.00232033,6702e-7,0.00712705,0.0170617
0.00249941,-723201e-9,0.00704499,0.016863
219024e-13,232038e-13,-134274e-13,65932e-13
473262e-13,495904e-13,-120718e-13,501625e-13
-942016e-14,-197017e-13,171322e-13,464293e-15
-732302e-15,-220855e-14,-116955e-14,-366377e-14
0.0233941,0.0103678,0.0130216,0.00576887
0.00662622,0.00293774,-0.0609923,-0.0270274
0.0249489,0.0110563,0.0315437,0.0139795
0.0104436,0.00462833,0.0101648,0.00450381
127627e-13,124814e-13,497323e-14,759636e-14
-301429e-14,-875599e-14,-50084e-13,-143515e-14
-128052e-13,-125419e-13,-500315e-14,-761964e-14
268806e-14,29541e-13,126226e-14,157975e-14
0.0633063,0.00924395,0.0634841,0.0092689
-0.0777774,-0.0113541,-0.0779958,-0.0113848
-0.0637325,-0.00930151,-0.0639114,-0.00932662
0.016853,0.00246024,0.0169003,0.00246688
-0.0652604,0.078553,0.0387226,-0.00960643
-0.120885,0.14551,0.111136,-0.0275818
0.0468031,-0.0563372,-0.0294238,0.00729982
-0.0121823,0.014663,0.00561287,-0.00139178
538706e-13,-204073e-13,168809e-13,-90374e-13
114095e-12,-197458e-13,428504e-13,973685e-14
-470026e-13,-116837e-13,-1939e-11,129919e-13
336337e-15,-111155e-13,101855e-14,457918e-17
0.0331305,0.0405756,-0.260503,0.283291
0.00188675,0.00231066,-450551e-9,49251e-8
-0.0245627,-0.0300818,0.226929,-0.246776
0.00134159,0.0016424,-0.0327149,0.0355729
0.0322929,-0.031903,-0.200117,-0.381514
0.00183897,-0.00181684,-348768e-9,-660711e-9
-0.0239411,0.0236526,0.174321,0.332342
0.00130711,-0.00129182,-0.0251273,-0.0479105
-0.0107353,0.02813,0.00704928,-0.0184714
-0.00386711,0.0101376,-0.00494088,0.0129527
-0.0353905,0.0927286,-0.0505764,0.132517
0.0165411,-0.0433406,0.0195053,-0.0511064
-125477e-13,-702171e-14,-182282e-13,-100944e-13
409105e-13,434888e-13,13936e-12,293547e-14
548118e-13,596823e-13,427011e-13,-277206e-14
-473618e-13,-552046e-13,-203837e-13,126057e-14
497518e-10,0.0980108,481022e-10,0.0977395
187255e-12,345948e-9,1814e-10,34499e-8
-537441e-10,-0.0982502,-520798e-10,-0.0979783
10192e-9,0.019326,986563e-11,0.0192725
-127626e-13,-124814e-13,-497323e-14,-759636e-14
30143e-13,875599e-14,500842e-14,143517e-14
128051e-13,125418e-13,500314e-14,761963e-14
-268805e-14,-295409e-14,-126226e-14,-157976e-14
170336e-14,-194198e-13,743551e-14,46917e-12
671448e-13,375162e-13,-300425e-13,192139e-13
689168e-13,422941e-13,-559035e-13,249467e-13
-562068e-13,-354036e-13,343257e-13,-299641e-13
-0.00254426,-0.0409359,-0.0255965,0.0397598
0.00508204,0.0812886,0.0175908,-0.0273333
0.00531197,0.0853565,0.0387144,-0.0601363
-0.00518253,-0.0831487,-0.022017,0.0341989
-0.00258795,0.0112476,-0.209182,0.141371
616882e-9,549614e-9,-0.0130174,0.0108547
0.00261379,0.00447901,-0.305969,0.269521
-0.0027446,0.00466382,0.0385661,-0.0559837
-0.00742505,-0.00372189,0.461986,-0.198665
-0.00125033,-0.00175305,0.0231511,-0.0090226
-0.00730853,-0.00918459,0.505136,-0.188811
-0.00108287,0.00198911,-0.00382966,-0.011891
545822e-9,0.0217114,0.129164,0.165116
0.0650411,-0.0161563,-0.164169,0.705604
-0.00555633,-0.0165717,-0.0950809,-0.184762
0.0110412,0.0144861,0.0819477,0.258495
-0.00190275,-0.0520275,-0.163261,-0.0959063
0.0284297,0.0305749,-0.643477,0.346296
-669314e-9,0.0403511,0.178941,0.055094
0.00313711,-0.0360422,-0.246488,-0.0231572
0.00324183,0.00374707,0.00319255,0.00369104
-0.0044958,-0.00519748,-0.00457954,-0.0052933
-0.00327164,-0.0037814,-0.00310795,-0.00359312
-203039e-9,-234945e-9,-280474e-9,-323929e-9
0.0525049,-0.0116633,0.0471145,-0.010466
0.0115226,-0.00256166,0.0148765,-0.00330558
0.0419151,-0.00931206,0.0421336,-0.0093604
-46781e-9,108705e-10,-47538e-8,106006e-9
0.0141856,-0.0123843,-0.0615904,-0.0230368
-0.0096096,0.00838796,0.0114191,0.00427249
-0.00666951,0.00582239,-0.031608,-0.0118222
0.00561544,-0.00490239,-0.0100703,-0.00376717
0.0266017,0.0691334,0.0328509,-0.0383468
0.0104491,0.0271541,0.00688338,-0.00803047
-0.0305408,-0.0793687,-0.0413197,0.0482338
0.00915068,0.0237818,0.00458808,-0.00535227
734168e-9,0.0346492,-0.463136,0.341997
-0.0311941,-0.0668585,0.890704,-0.401281
639778e-9,-0.0345466,0.456288,-0.348815
0.00742878,0.00651009,-0.0995759,0.0163047
0.0419687,-0.00992868,-0.30194,-0.446104
-0.0313086,-0.0171798,0.702363,0.644366
-0.0441328,0.0115727,0.291835,0.449398
-0.00427648,0.00703108,-0.0920701,-0.0482524
-0.0152894,0.0402481,-0.0151477,0.0398744
0.00535484,-0.0140945,0.00397305,-0.0104536
-0.0171992,0.045278,-0.0192224,0.0506048
-153289e-9,402443e-9,872462e-11,-242682e-10
-0.00332965,-0.00384931,-0.00332962,-0.00384928
-0.00299322,-0.00346005,-0.00299319,-0.00346002
0.00329046,0.0038033,0.00329043,0.00380327
-448162e-10,-518052e-10,-448158e-10,-518047e-10
-0.00137622,0.00160442,-0.0252178,-0.00546889
0.1575,-0.18365,-0.192978,-0.0418944
-967003e-9,0.00112805,0.0289422,0.0062776
-0.00395413,0.00461062,0.00432499,93928e-8
0.0414043,-0.0126162,0.112839,0.0615634
-583699e-9,0.0383556,-0.138676,0.0516654
-0.0407866,0.0128003,-0.106363,-0.0601583
0.020219,-0.0025511,-0.0151447,0.101501
-0.100534,-0.001684,0.0565058,-0.123782
0.00567584,0.015814,-0.146946,0.0676521
0.0990761,0.00181277,-0.0519676,0.118091
-0.0486935,670152e-9,-0.0744005,-0.0562097
-0.0256046,0.0219466,0.00183965,0.00848509
-0.00934034,0.00800825,-0.00270839,-0.0124878
-0.0495342,0.042459,-0.00391317,-0.0180497
0.00811997,-0.0069609,0.00154784,0.00713963
0.0707616,-0.0268659,0.0576083,-0.0218691
-0.042786,0.0162422,-0.0347595,0.0131939
-0.0510539,0.019384,-0.0455254,0.0172816
0.0538003,-0.0204235,0.0168551,-0.00639765
-0.00499426,0.0142083,-0.069962,0.0328497
-0.00464016,0.0132021,-0.0409889,0.0192167
0.00615075,-0.0174974,0.0909205,-0.0426917
-0.00146533,0.00417013,0.0416486,-0.019561
0.0126663,0.0031455,-0.00818788,-0.0861308
0.0117693,0.00292235,-0.00476605,-0.0504505
-0.0155985,-0.00387399,0.010642,0.111933
0.00371752,922811e-9,0.00488032,0.0512762
-0.0583227,0.0108335,0.147725,-0.157704
-0.0492357,0.00914073,0.121589,-0.129789
0.0720139,-0.0133732,-0.119786,0.127879
-0.0151223,0.00280779,0.00199679,-0.00213394
-346763e-13,2336e-10,-13447e-11,-381306e-13
-491192e-13,423423e-12,-461534e-13,-974737e-13
541318e-13,-237272e-12,880395e-13,588797e-13
119419e-13,109171e-13,-284801e-13,327139e-14
0.0614562,-0.0375733,-0.0337848,0.0827759
-0.0263472,0.0161024,0.0295569,-0.0723556
-0.0409933,0.0250627,0.0166826,-0.0408826
0.0345394,-0.0211173,-0.0317978,0.0778867
-118502e-13,-2087e-11,-449758e-13,374429e-13
-139602e-12,-990735e-13,-700467e-13,100871e-12
166289e-13,124788e-13,338404e-13,-45813e-12
951077e-15,53309e-13,-267413e-14,280955e-14
-433158e-13,20759e-11,305703e-12,-143267e-12
-567482e-13,311013e-12,398932e-12,-153762e-12
549886e-13,-199529e-12,-289195e-12,131139e-12
-510904e-14,1189e-11,203309e-13,-153014e-13
-0.255631,0.17886,-0.260583,0.182385
-0.389604,0.272599,-0.394226,0.275911
0.256126,-0.179199,0.258058,-0.180611
-0.0140852,0.00985525,-0.0143434,0.0100385
-0.0011777,-0.009353,0.0482308,-0.182421
-0.00233892,-0.0185984,0.046889,-0.177331
0.001017,0.00807706,-0.0402499,0.15223
-79552e-9,-629153e-9,0.0047292,-0.0178866
0.0106164,-0.00237251,-0.138865,-0.0955497
0.021111,-0.00471415,-0.134988,-0.0928865
-0.00916814,0.00204874,0.115882,0.079737
714098e-9,-160014e-9,-0.0136158,-0.00936885
488174e-13,-954036e-15,179737e-12,-957989e-13
225308e-13,-256386e-13,151713e-12,-799037e-13
-625755e-13,-60921e-12,-129279e-12,744393e-13
254933e-13,514581e-13,153293e-14,-53359e-13
0.00703484,0.0036577,0.0108838,-0.00170335
0.0454561,0.0236067,-0.0593294,0.00929689
-0.018934,-0.00983303,0.0406757,-0.00637351
0.00109399,570391e-9,0.00810446,-0.00127001
161174e-13,209062e-13,-567452e-13,539715e-13
-764448e-14,-379212e-13,539194e-13,-424079e-13
597927e-13,547316e-13,463243e-14,-136406e-13
183463e-13,353378e-13,-503845e-13,461301e-13
-0.0297767,-0.00624371,0.06604,-0.0300955
-0.111896,-0.0234725,0.172977,-0.078829
0.0393791,0.00825678,-0.09293,0.0423508
-0.00599436,-0.00125619,0.0178814,-0.00814956
-0.0575574,0.0611774,-0.0570488,0.0606131
-0.0641765,0.068213,-0.0630867,0.0670302
0.0581714,-0.0618318,0.05683,-0.0603826
-0.00594855,0.0063229,-0.00587093,0.00623782
-658771e-14,-241381e-12,-253072e-12,117194e-12
-100236e-13,-38544e-11,-357793e-12,126165e-12
38552e-12,270343e-12,245521e-12,-100842e-12
-284104e-14,-22428e-12,-180538e-13,11697e-12
83408e-8,0.0270132,0.101525,0.0475707
-0.00263036,-618376e-9,0.0115589,0.0285705
-146289e-9,-0.0307487,-0.166535,-0.123827
-0.00115001,0.00152883,0.149302,0.221013
-0.014318,0.00164289,0.08353,0.177427
0.00586784,0.00425108,-0.0189102,-0.0682964
0.0145926,-0.00318988,-0.0808013,-0.115982
0.00173118,0.00205958,-0.0625309,-0.316414
-0.0115138,-0.00183625,0.224361,0.0255156
-407899e-9,468754e-9,0.00455162,0.00306522
-0.00187547,-0.0102929,0.129183,-0.0346523
419903e-9,163122e-9,-0.012743,-0.00189804
0.00155333,0.0151147,0.0149092,0.214994
-461125e-9,-531363e-9,0.00300347,0.00493074
0.00992004,0.0224497,-0.0436777,0.112761
-149535e-9,-744038e-9,-0.00132399,-0.0123096
-0.0554121,-0.0311214,0.0717508,-0.0453732
-0.00955904,-0.00536533,0.0246635,-0.0155962
0.0440731,0.0247522,-0.0626035,0.0395894
-0.00632325,-0.00354871,0.0216019,-0.013661
-0.0247014,0.0156352,-889197e-10,-0.00128566
-0.167425,0.106018,-0.0167727,-0.241594
0.0214243,-0.0135598,-155691e-9,-0.00223973
0.00382136,-0.00242018,425514e-9,0.00612875
-0.023819,0.0428593,-0.0266798,0.0480041
0.0179877,-0.0323686,0.0221992,-0.0399466
0.0300415,-0.0540544,0.0369036,-0.0664002
-0.00887497,0.0159706,-0.0280909,0.050547
-0.0353925,-0.0409148,-0.0237113,-0.0274134
0.0013002,0.00150325,0.00133001,0.00153721
0.0239533,0.0276852,0.0354976,0.0410317
-0.012944,-0.0149628,-0.0129325,-0.0149495
-103865e-13,435653e-13,-829497e-15,-627841e-15
-0.267113,0.334356,0.0448942,0.0264721
0.286483,0.248037,-0.0137114,-0.00766556
-20495e-12,-462414e-13,-31857e-13,-132686e-14
220809e-13,-107714e-12,-314374e-14,140491e-14
-0.312335,-1.02704,-0.0148628,0.00782657
-0.722383,-0.586227,-0.0441033,0.0275526
124726e-12,232524e-13,903454e-15,-648825e-15
-0.0432212,0.188794,0.099716,-0.102539
-0.172324,-0.0353606,-0.12993,0.0250151
-0.103141,0.0422427,0.143695,0.00953952
-0.0755565,0.0674708,-0.0622431,-0.111799
0.0624115,-0.0174892,308587e-9,0.00189276
-0.0344475,-0.0469056,480842e-10,-651527e-10
0.0795915,-0.353616,0.01651,0.00570934
-0.434391,0.0607474,0.00814176,0.017399
-0.046926,-0.00341823,-342225e-9,109183e-9
0.0872299,0.294814,-0.0146912,-0.00782097
0.212177,0.0702312,0.116287,0.0529443
0.044611,-0.14577,0.075439,0.127465
0.0372865,0.123093,0.0352944,0.123713
-0.0520227,-0.0707055,-0.0942966,0.107819
-0.013289,-0.073605,-0.00149866,830073e-9
0.0432852,-0.0258785,-868148e-10,-260626e-10
-0.39756,-0.129979,175759e-9,0.0156049
-0.0168506,-0.379722,0.0152588,-0.0151516
-0.00904176,0.0535363,-194974e-9,-254875e-9
-0.261476,0.051122,-0.00269195,0.0184351
-0.151941,0.0573369,0.138838,-0.0455879
-0.0157121,0.188534,0.0503433,0.144691
-0.0824304,-0.168301,0.00351623,-0.130496
0.163935,-0.00187732,-0.171485,-0.00160601
692254e-13,-380018e-14,363193e-14,-443762e-14
-0.0904887,0.0355306,0.00293452,-0.00724297
-0.0617008,0.10128,0.020878,-0.028773
-477048e-13,170062e-12,-676182e-14,-201949e-14
444086e-14,41928e-13,-141958e-14,270169e-14
0.0456585,-0.0572402,-0.0014099,-0.00811482
0.0488097,-0.0169666,-0.015616,0.0433645
351233e-14,790916e-14,166504e-15,519271e-15
0.0595094,0.0653417,0.00481293,0.0117306
30609e-12,117958e-12,311741e-13,184843e-13
110481e-12,-122025e-12,242339e-15,233732e-13
-0.130415,0.10162,-0.0102711,0.00433921
-0.0762494,-0.0243516,-0.0339062,-0.133792
-0.0202794,0.0772624,0.0477644,0.160219
0.0196642,-0.0902501,-0.122731,-0.0118185
0.0683143,0.0111709,-0.186874,-0.010189
614954e-14,-322041e-13,209329e-13,-231828e-14
-0.0334521,0.024376,-0.00689683,0.00155846
0.0349907,0.0639544,0.0219239,0.0295669
382289e-13,71851e-12,-359414e-15,105706e-14
-439383e-14,-126872e-13,-217944e-14,-22798e-13
0.0365123,-0.00645763,-0.00713938,0.00266597
-0.11239,-0.0165426,-0.0373408,-0.0295696
-131361e-14,418087e-14,444024e-15,-239888e-15
0.0539771,-0.013638,-0.00985019,-0.00719157
697355e-13,420023e-13,117127e-13,269437e-13
214476e-14,-767953e-13,-794005e-14,122399e-13
0.00721586,0.0966334,0.00793683,-0.00686113
-229482e-13,-374644e-14,549131e-13,-642584e-13
0.00951954,0.0207652,-0.0574968,-0.0740029
-268306e-15,-511747e-14,740467e-13,-633238e-13
-0.0412953,-0.0201143,-0.0738352,-0.0715388
49622e-12,754561e-15,-11177e-12,-185836e-13
0.112959,-0.0127086,0.0459177,-0.0283648
731315e-13,-605668e-13,-534608e-13,-121141e-15
0.0257197,-0.0639185,-919836e-9,-0.0156304
683869e-14,-1345e-12,-109336e-13,834491e-14
-0.0619852,-0.0147626,0.0112066,0.0132334
0.00768494,0.00100956,-0.0168194,-0.0717088
-327483e-13,171387e-13,355249e-13,-229145e-14
0.00177219,-0.00668957,0.0249364,-0.0723316
-867363e-14,-945085e-14,333461e-13,-864623e-14
-0.0923332,-0.0767538,-0.0504466,-0.0130003
135423e-13,160483e-13,-493699e-14,663572e-14
-0.114034,0.0459008,-0.0212723,0.0229808
-223615e-13,316706e-13,441866e-14,199361e-14
-0.00132563,-0.00225634,-194246e-9,0.00187339
197023e-13,-420796e-14,-864475e-14,330668e-14
329523e-15,412346e-14,168471e-13,-520333e-13
-0.0174666,-0.0372939,-0.0478189,-0.477229
479736e-14,141015e-14,-381204e-13,376749e-13
0.0351957,-0.00151079,-0.111598,0.872696
76999e-14,-789482e-15,176319e-14,35143e-13
-0.0023673,-0.0291402,-0.0579664,0.0654864
-279987e-15,-700102e-15,-280462e-14,25409e-13
0.0404154,0.043521,0.0859786,0.0236646
103447e-13,-130567e-14,249908e-14,101641e-14
0.0235143,0.00608238,0.0112313,-0.0021389
785669e-14,-203144e-13,41376e-13,-341432e-14
0.132997,-0.143437,0.0260072,-0.0822252
-651819e-15,-498668e-14,249638e-14,-28443e-14
-0.00737891,0.0290695,0.0712331,-0.0585423
372905e-14,835113e-15,173941e-15,-720331e-15
0.0393568,0.0268618,-0.00884396,-0.0251958
-0.0296672,0.0185703,0.360201,-0.743304
-295826e-14,386525e-14,-121417e-14,317335e-13
0.00814151,0.0415167,-0.648559,0.484287
-207764e-14,-360813e-14,152748e-13,-562178e-13
0.00893157,0.00269843,0.0190687,0.0562322
-292655e-14,183725e-14,439884e-14,-376652e-14
0.00416276,-0.0048357,-0.0472386,0.0321742
235975e-14,-661117e-14,-542314e-14,-233604e-14
0.050183,0.0725569,0.0352683,0.0204004
-644493e-15,-279746e-14,-756157e-15,378539e-16
0.183164,-0.0203223,0.0689918,-0.04247
-222928e-13,-612445e-14,-245528e-14,515559e-14
0.034888,-0.0243589,0.0379336,936007e-9
34507e-13,-811483e-15,-520559e-14,319006e-14
0.00828816,0.0312504,0.00410007,-0.0104115
67069e-14,-559139e-14,350362e-15,173299e-14
-764756e-11,167245e-10,-0.0561484,-0.0177387
0.00138562,0.00136503,-0.0574535,0.030944
-200498e-10,-695221e-11,-0.0318429,0.0418697
0.00106421,-0.00130711,-0.010905,-0.0722303
611246e-14,-9868e-12,138349e-13,916526e-14
0.0131765,-0.0502395,0.0769756,-0.0917973
0.0281998,0.0460878,0.0122827,0.113483
-211599e-13,-222306e-13,-308616e-13,-244851e-14
-363287e-15,131318e-14,390018e-15,158083e-14
0.00442781,0.0406035,-0.0287821,0.0832965
0.00843905,0.00785307,0.00912145,0.0228341
-449915e-14,-174983e-14,112819e-14,-572556e-14
-0.0160578,0.004496,0.00445368,0.00461187
-299972e-13,-824435e-14,610403e-13,-346818e-13
147367e-13,-313204e-13,-170295e-13,-514678e-14
-0.00368829,-0.0214449,-0.0268722,0.0210991
-0.0188317,0.00145288,0.0815156,0.427315
0.00497465,-0.0170831,0.306306,0.201623
-0.00372171,-0.0214756,0.383915,0.0602641
-0.0151448,-0.00289336,-0.328163,0.246609
-72649e-13,416654e-14,-211444e-13,-105493e-13
-0.030363,0.00736916,-0.120926,-0.024916
0.00785572,-0.0134966,0.0570358,-0.039222
-154481e-13,703957e-13,480062e-14,533835e-13
992792e-14,-226821e-14,961404e-14,-871619e-14
0.0666985,-0.0459459,0.181319,-0.0296143
0.0217282,-0.0833798,0.125688,-0.150372
118085e-14,949928e-14,-116217e-13,359525e-14
-0.00618661,-0.00641075,-0.00998828,0.0314064
-104509e-14,717464e-13,-426074e-13,-747882e-13
-644708e-14,597048e-14,-18657e-12,20726e-13
-0.0739709,0.0579962,0.111514,0.0485461
-10467e-12,-294755e-14,506973e-15,-192284e-14
-0.0375583,0.00392074,-0.0312615,0.0284593
-0.0629853,0.0670657,0.00358454,-0.029816
163692e-14,-415215e-14,179082e-14,-21515e-13
-0.0034983,0.00513735,-0.0885662,0.096507
116861e-13,-61455e-13,-105868e-12,-537784e-13
0.0122742,-0.00491865,-0.0938638,0.107618
143273e-13,-360361e-13,-969225e-13,-606154e-13
0.0138346,-0.0311875,0.0137159,0.0177354
128097e-14,366334e-13,161384e-13,-679721e-14
-0.0742081,-0.0958709,0.0941705,-0.0155528
765916e-13,-299766e-13,-525765e-14,-812964e-14
0.0130386,-0.0136263,0.0183238,-0.0191501
-271383e-13,-662713e-13,218612e-13,714558e-14
359642e-13,-384547e-13,-112805e-12,50608e-12
0.00468109,0.00515263,0.0512817,0.0469091
304922e-13,195198e-13,-122134e-12,340078e-13
-0.00862302,-0.0140762,0.0659731,0.0387178
749588e-13,134761e-13,459078e-14,276613e-13
-0.00634125,-0.00206367,0.012375,-0.0117811
412229e-13,398113e-15,697009e-13,190557e-13
0.02284,-0.0217619,0.0020878,0.00765659
131979e-13,213847e-13,175701e-13,-695417e-14
-0.0314929,-0.0244782,-0.0200997,-0.0156212
0.0011695,-0.0162661,0.133772,-0.273166
40272e-8,184915e-9,-0.0162134,-0.0451405
0.0188141,-429463e-9,-0.189389,-0.194839
126556e-9,-362564e-9,0.0536911,-336421e-10
-496734e-14,-136325e-13,-109953e-14,227259e-13
184806e-9,0.00205455,-0.00202807,-0.0022943
0.0134918,0.0108179,-0.063593,-0.00264015
183439e-13,698767e-14,-206901e-14,439549e-14
-239423e-15,-315058e-14,315318e-14,-292748e-15
-0.0049444,-0.0101189,0.0285653,0.0149442
-0.0245854,-0.0105014,0.0465597,-0.0109349
133084e-14,333822e-16,-201012e-14,-719581e-15
0.0207813,-0.0147997,0.0326172,-0.0232312
179316e-13,344729e-14,-881869e-14,-215488e-13
-160582e-13,-11419e-12,185806e-13,-701092e-14
0.0134467,0.0236874,0.00965916,0.0170147
-0.240387,0.0440637,0.00267476,-0.00200462
0.59107,-0.181634,-0.00582412,-0.0132288
-0.168959,-0.0581327,0.0205138,-0.0168142
-0.0176952,-0.019314,-0.00397659,0.00271563
-0.0851996,0.187765,0.0203235,0.0121821
0.0181106,-0.0136848,0.0043637,0.00316453
-0.014896,-0.081625,406237e-9,-0.0893851
-0.133836,0.0916128,0.120647,-0.0268894
-0.00130441,0.0138128,0.00115244,556004e-9
0.0162696,0.01159,-375082e-9,-950856e-9
0.0192452,0.0176805,0.0112855,-0.00597729
0.0475349,-0.0638181,-0.0315842,0.114617
-0.0577307,-0.00232836,-0.0730256,0.00543906
-0.00416904,0.00510573,615901e-10,-0.00116645
0.00453287,0.00765839,276145e-9,-0.00110145
-0.0542413,-0.0287061,-0.00630987,0.0105263
574675e-14,-176363e-13,127484e-13,-259801e-13
-0.0147348,0.0032989,-0.0142474,0.00318937
23285e-8,829665e-9,-0.00541656,-0.0193709
-127683e-13,-111637e-13,159106e-14,-881956e-14
-872283e-9,-0.00461346,-0.0190596,0.0173934
0.0052049,-0.00150494,0.00888119,0.021271
575222e-14,114858e-13,-100051e-13,244106e-14
-0.0131608,-0.0058332,-0.0135986,-0.00602768
540026e-14,634198e-14,28047e-13,314857e-14
0.038262,0.00558556,0.0383694,0.00560064
-0.0204912,0.0246654,0.0111143,-0.00275684
209618e-13,689885e-14,964121e-14,-980129e-14
-0.0170465,-0.0208781,0.122757,-0.133495
-0.0166163,0.016415,0.094301,0.179781
0.00722161,-0.0189245,-222669e-9,581442e-9
-274601e-13,-322841e-13,116999e-14,427833e-14
196e-7,0.0371778,189723e-10,0.0370749
-540024e-14,-634196e-14,-28047e-13,-314857e-14
-279881e-13,-158338e-13,122618e-13,-357339e-13
-0.0029905,-0.0479219,-0.00237529,0.00368812
-0.00130496,-284012e-9,937504e-9,-0.0108947
-511154e-9,842008e-9,0.0100549,-0.00365851
0.0231835,0.0267993,0.0231867,0.026803
0.0129418,-0.00287499,0.0121394,-0.00269671
-0.00109739,-0.00285241,-0.00166055,0.00193852
0.00978496,-0.00396996,0.304519,0.139101
-0.00140439,0.0103465,-0.444405,-0.363602
930827e-9,753745e-9,-0.014632,0.00525813
-612519e-9,900484e-9,-0.0121691,-0.00947228
0.00445567,-0.0117297,0.00474592,-0.0124936
0.0397597,0.0459609,0.0397594,0.0459605
-0.00228383,-85577e-8,0.00708239,0.0515021
0.00872706,-0.0101762,-0.0128622,-0.00279183
-0.0109862,-0.0505388,0.00229095,661408e-9
0.00349489,-0.00213774,-0.0179524,0.0439635
-18833e-14,-109798e-13,-214668e-13,164029e-13
289509e-13,426816e-13,-286753e-13,255494e-13
-0.011297,-0.00236825,0.0288245,-0.0131358
0.00397617,0.00568144,-0.0280134,0.0390007
-0.00541811,-0.0153121,0.0428183,-0.0174176
0.00214661,0.00120569,-0.00253812,0.00160526
-0.0110635,0.00700518,-921345e-9,-0.0132729
-0.0102216,-0.0118164,-0.0102319,-0.0118271
