0
0
-0.0418346
0
0
0
0
0
0
0
0
0
0
0.0524151
0
0
-0.0696812
0
-0.0167519
0
0
0
0
0
0
0
0
-0.109378
0
0
0
0
0.0982067
0
0
0
0
0
0
-0.0164383
0
0
0
0
-0.0129975
0
0
0
0
0
0
0
0
-0.07792
0
0.0209659
0
0
-0.0521626
0
0
0
0
0
0
0
0
0
0
-0.0425906
0
0
0
0.0512368
0
0
-0.0739287
0
-0.0160972
0
0
0
0
0
0
0
0
-0.0156767
0
0
0
0
129439e-9
0
0
0
0
0
0
0
0
-0.455186
0
0.0100904
0
0
-0.134961
0
0
0
0
0
0
-487053e-9
0
0.0254922
0
0
0.0209659
0
0
0
0
0
0
0
0
0
0
-946662e-9
0
0
0
0
0
0
0
0
0
0
0
0
0
0.0521626
0
0
0
-0.104551
0
0
0
0
0.103577
0
0
0
0
0
0
0
0
-0.44955
0
0.009675
0
0
-0.133961
0
0
0
0
0
0
0
0
0
0
0.628047
0
0
0
0
0
0
0
0
0
0
0
-688797e-9
0
0
0
0
0
0
0
0
0
0
0
0
0
-0.120278
0
0
0
0
0
0
0
0
0
0
0
0
0
0
0
-0.0131433
0
0
0
0
-0.016584
0
0
0
0
0
0
0
0
0.00582568
0
0.0257446
0
0
0.0201327
0
0
0
0
0
0
0
0
0
0
-0.00789961
0
0
0
0
0
0
0
0
0
0
0
0.0217764
0
0
0
0
0
0
0
0
0
0
0
0
0
-0.0159187
0
0
0
0
0
0
0
0
0
0
0
0
0
0
0
0
0
-0.0732399
0
0.0203112
0
0
-0.0524151
0
0
0
0
0
0
0
0
0
0
-0.0146006
0
0
0
0
0
0
0
0
0
0
0
0
0
-0.120691
0
0
0
0
0
0
0
0
0
0
0
-0.0167519
0
0
0
0
0
0
0
0
0
0
0
0
0
0
0
0
0
0
0
0
0
0
0
0
0
0
0
0
0
0
0
0
0
-0.0427967
0
0
0
0
0
0
0
0
0
0
0
0
0
0.0512368
0
0
0
0
0
0
0
0
0
0
0
0
0
0
0
0
0
0
0
0
0
0
0
0
0
0
0
0
0
0
0
0
0
0
0
0
0
0
0
0
0
0
0
0
0
0
0
0
-0.0427967
0
0
0
0
0
0
0
0
0
0
0
0
0
0.0119213
0
0
0
0
0
0
0
0
0
0
-0.103577
0
0
0.362603
0
-688797e-9
0
0
0
0
0
0
-0.016584
0
0
0.00456084
0
-0.0217764
0
0
0
0
0
0
0
0
-105687e-9
0
0
0
0
-772946e-9
0
0
0
0
0
0
0
0
-0.0566997
0
0.0129975
0
0
-0.0425906
0
0
0
-0.0127999
0
0
0
0
0
0
0
0
0
0
0.0146006
0
0
-0.0184079
0
-0.0104157
0
0
0
0
0
0
0
0
-0.027656
0
0
0
0
0.00162323
0
0
0
0
0
0
-0.00897619
0
0
0
0
-621287e-9
0
0
0
0
0
0
0
0
0.0011478
0
-760919e-9
0
0
946662e-9
0
0
0
0
0
0
0
0
0
0
-772946e-9
0
0
0
-0.0985441
0
0
0.367056
0
-0.00823875
0
0
0
0
0
0
0
0
0.0260327
0
0
0
0
-0.027656
0
0
0
0
0
0
0
0
0.734142
0
-0.455186
0
0
0.64373
0
0
0
0
0
0
0.259548
0
-0.10437
0
0
-0.00823875
0
0
0
0
0
0
0
0
0
0
-0.00162323
0
0
0
0
0
0
0
0
0
0
0
0
0
-0.110195
0
-0.0136779
0
0
-0.00456084
0
-0.0210204
0
0
0
0
0
0
0
0
0.00850437
0
0
0
0
0.00897619
0
0
0
0
0
0
0
0
0.256399
0
-0.104064
0
0
-688797e-9
0
0
0
0
0
0
0.0599247
0
-0.0449798
0
0
0.0208143
0
0
0
0
0
0
0
0
0
0
-621287e-9
0
0
0
0
0
0
0
0
0
0
0
0
0
-0.0171186
0
0
0
-105687e-9
0
0
0
0
-0.0119213
0
0
0
0
0
0
0
0
-0.0195557
0
0.0109935
0
0
-0.0156767
0
0
0
0
0
0
0
0
0
0
-0.0260327
0
0
0
0
0
0
0
0
0
0
0
-0.00850437
0
0
0
0
0
0
0
0
0
0
0
0
0
-129439e-9
0
0
0
0
0
0
0
0
0
0
0
0
0
0
0
0
0
-0.0631497
0
0.0164383
0
0
-0.0418346
0
0
0
0
0
0
0
0
0
0
0.0127999
0
0
0
0
0
0
0
0
0
0
0
0
0
-0.104551
0
0
0
0
0
0
0
0
0
0
0
-0.0131433
0
0
0
0
0
0
0
0
0
0
0
0
0
0
0
0
0
0
0
0
0
0
0
0
0
0
0
0
0
0
0
0
0
0
0
0
-0.0732399
0
0
0
0
0
0
0
0
0
0
0
0
0
0.367056
0
0
0
0
0
0
0
0
0
0
0
0.00475665
0
0
0
0
0
0
0
0
0
0
-0.0739287
0
0
0.262802
0
487053e-9
0
0
0
0
0
0
0
0
-0.0568945
0
0
0
0
0.0636214
0
0
0
-0.0773423
0
0
0
0
0
0
0
0
0
0
0
0
0
0.0195557
0
0
0
0
0
0
0
0
0
0
-0.44955
0
0
0.519117
0
0.31788
0
0
0
0
0
0
-0.00558587
0
0
-0.181302
0
-0.0733925
0
0
0
0
0
0
0
0
0.0184079
0
0
0
0
0.0011478
0
0
0
0
0
0
0
0
-0.256399
0
-0.00558587
0
0
-0.0694427
0
0
0
0.371658
0
0
0
0
0
0
0
0
0
0
-0.444096
0
0
0.519117
0
0.314023
0
0
0
0
0
0
0
0
0.734142
0
0
0
0
-0.734142
0
0
0
0
0
0
0.262802
0
0
0
0
0.262802
0
0
0
0
0
0
0
0
0.519117
0
-0.314023
0
0
0.444096
0
0
0
0
0
0
0
0
0
0
0.371658
0
0
0
0
-0.00475665
0
0
0
0
0
0
0
0
0
0
487053e-9
0
0
-0.185829
0
-0.0735843
0
0
0
0
0
0
0
0
0.259548
0
0
0
0
0.259548
0
0
0
0
0
0
0.0602579
0
0
0
0
-0.0602579
0
0
0
0
0
0
0
0
0.185829
0
-0.0735843
0
0
487053e-9
0
0
0
0
0
0
0
0
0
0
0.00475665
0
0
0
-0.0694427
0
0
0.256399
0
-0.00558587
0
0
0
0
0
0
0
0
0.0011478
0
0
0
0
0.0184079
0
0
0
0
0
0
0
0
0.519117
0
-0.31788
0
0
0.44955
0
0
0
0
0
0
0.181302
0
-0.0733925
0
0
-0.00558587
0
0
0
0
0
0
0
0
0
0
0.0195557
0
0
0
0
0
0
0
0
0
0
0
0
0
-0.0773423
0
0
0
-0.0636214
0
0
0
0
0.0568945
0
0
0
0
0
0
0
0
-0.262802
0
487053e-9
0
0
-0.0739287
0
0
0
0
0
0
0
0
0
0
0.367056
0
0
0
0
0
0
0
0
0
0
0
-0.00475665
0
0
0
0
0
0
0
0
0
0
0
0
0
-0.0732399
0
0
0
0
0
0
0
0
0
0
0
0
0
0
0
0
0
0
0
0
0
0
0
0
-0.0203112
0
0
0
0
0
0
0
0
0
0
0
0
0
0.00789961
0
0
0
0
0
0
0
0
0
0
0
-0.0210204
0
0
0
0
0
0
0
0
0
0
0.0160972
0
0
0.00582568
0
0.0254922
0
0
0
0
0
0
0
0
0.0136779
0
0
0
0
0.0171186
0
0
0
-0.0201327
0
0
0
0
0
0
0
0
0
0
0
0
0
0.0109935
0
0
0
0
0
0
0
0
0
0
-0.0100904
0
0
0.321865
0
0.127826
0
0
0
0
0
0
0.0257446
0
0
-0.0735843
0
-0.0550887
0
0
0
0
0
0
0
0
-0.0104157
0
0
0
0
760919e-9
0
0
0
0
0
0
0
0
-487053e-9
0
-0.0266705
0
0
-0.0159187
0
0
0
688797e-9
0
0
0
0
0
0
0
0
0
0
-0.009675
0
0
0.31788
0
0.127119
0
0
0
0
0
0
0
0
-0.444096
0
0
0
0
-0.444096
0
0
0
0
0
0
-0.104064
0
0
0
0
0.104064
0
0
0
0
0
0
0
0
-0.31788
0
0.127119
0
0
-0.009675
0
0
0
0
0
0
0
0
0
0
-688797e-9
0
0
0
0
-0.0208143
0
0
0
0
0
0
0
0
0
0
0.0266705
0
0
-0.0738006
0
-0.0550887
0
0
0
0
0
0
0
0
-0.103793
0
0
0
0
0.103793
0
0
0
0
0
0
-0.0449798
0
0
0
0
-0.0449798
0
0
0
0
0
0
0
0
-0.0738006
0
0.0550887
0
0
-0.0266705
0
0
0
0
0
0
0
0
0
0
-0.0208143
0
0
0
0.0159187
0
0
-487053e-9
0
0.0266705
0
0
0
0
0
0
0
0
-760919e-9
0
0
0
0
0.0104157
0
0
0
0
0
0
0
0
-0.321865
0
0.127826
0
0
-0.0100904
0
0
0
0
0
0
-0.0735843
0
0.0550887
0
0
-0.0257446
0
0
0
0
0
0
0
0
0
0
-0.0109935
0
0
0
0
0
0
0
0
0
0
0
0
0
0.0201327
0
0
0
0.0171186
0
0
0
0
0.0136779
0
0
0
0
0
0
0
0
0.00582568
0
-0.0254922
0
0
-0.0160972
0
0
0
0
0
0
0
0
0
0
-0.00789961
0
0
0
0
0
0
0
0
0
0
0
-0.0210204
0
0
0
0
0
0
0
0
0
0
0
0
0
0.0203112
0
0
0
0
0
0
0
0
0
0
0
0
0
0
0
0
0
0
0
0
0
0
0
0
0
0
0
0
0
0
0
0
0
0
0
0
0.104551
0
0
0
0
0
0
0
0
0
0
0
-0.0131433
0
0
0
0
0
0
0
0
0
0
0
0
0
0.0127999
0
0
0
0
0
0
0
0
0
0
-0.0418346
0
0
0.0631497
0
0.0164383
0
0
0
0
0
0
0
0
0
0
0
0
0
0
0
0
0
129439e-9
0
0
0
0
0
0
0
0
0
0
0
0
0
0.0260327
0
0
0
0
0
0
0
0
0
0
0
-0.00850437
0
0
0
0
0
0
0
0
0
0
0.0156767
0
0
-0.0195557
0
-0.0109935
0
0
0
0
0
0
0
0
-0.0119213
0
0
0
0
-105687e-9
0
0
0
0.110195
0
0
0
0
0
0
0
0
0
0
0
0
0
0.00162323
0
0
0
0
0
0
0
0
0
0
0.64373
0
0
-0.734142
0
-0.455186
0
0
0
0
0
0
0.00823875
0
0
0.259548
0
0.10437
0
0
0
0
0
0
0
0
0.027656
0
0
0
0
-0.0260327
0
0
0
0
0
0
0
0
0.367056
0
0.00823875
0
0
0.0985441
0
-0.0171186
0
0
0
0
0
0
0
0
0
0
0
0
0
-621287e-9
0
0
0
0
0
0
0
0
0
0
688797e-9
0
0
0.256399
0
0.104064
0
0
0
0
0
0
0.0208143
0
0
-0.0599247
0
-0.0449798
0
0
0
0
0
0
0
0
0.00897619
0
0
0
0
0.00850437
0
0
0
0
0
0
0
0
0.00456084
0
-0.0210204
0
0
-0.0136779
0
0
0
-772946e-9
0
0
0
0
0
0
0
0
0
0
-946662e-9
0
0
0.0011478
0
760919e-9
0
0
0
0
0
0
0
0
-0.00162323
0
0
0
0
0.027656
0
0
0
0
0
0
-621287e-9
0
0
0
0
-0.00897619
0
0
0
0
0
0
0
0
-0.0184079
0
0.0104157
0
0
-0.0146006
0
0
0
0
0
0
0
0
0
0
-0.0127999
0
0
0
-0.0425906
0
0
0.0566997
0
0.0129975
0
0
0
0
0
0
0
0
-772946e-9
0
0
0
0
-105687e-9
0
0
0
0
0
0
0
0
0.362603
0
688797e-9
0
0
0.103577
0
0
0
0
0
0
-0.00456084
0
-0.0217764
0
0
-0.016584
0
0
0
0
0
0
0
0
0
0
0.0119213
0
0
0
0
0
0
0
0
0
0
0
0
0
-0.0427967
0
0
0
0
0
0
0
0
0
0
0
0
0
0
0
0
0
0
0
0
0
0
0
0
0
0
0
0
0
0
0
0
0
0
0
0
0
0
0
0
0
0
0
0
0
0
0
0
-0.0512368
0
0
0
0
0
0
0
0
0
0
0
0
0
-0.0427967
0
0
0
0
0
0
0
0
0
0
0
0
0
0
0
0
0
0
0
0
0
0
0
0
0
0
0
0
0
0
0
0
0
-0.120691
0
0
0
0
0
0
0
0
0
0
0
0.0167519
0
0
0
0
0
0
0
0
0
0
0
0
0
0.0146006
0
0
0
0
0
0
0
0
0
0
0.0524151
0
0
-0.0732399
0
-0.0203112
0
0
0
0
0
0
0
0
0
0
0
0
0
0
0
0
0
-0.120278
0
0
0
0
0
0
0
0
0
0
0
0
0
0.628047
0
0
0
0
0
0
0
0
0
0
0
688797e-9
0
0
0
0
0
0
0
0
0
0
-0.133961
0
0
0.44955
0
0.009675
0
0
0
0
0
0
0
0
-0.103577
0
0
0
0
0.104551
0
0
0
0
0
0
0
0
0
0
0
0
0
0
0
0.0159187
0
0
0
0
0
0
0
0
0
0
0
0
0
0.00789961
0
0
0
0
0
0
0
0
0
0
0
0.0217764
0
0
0
0
0
0
0
0
0
0
-0.0201327
0
0
0.00582568
0
-0.0257446
0
0
0
0
0
0
0
0
-0.016584
0
0
0
0
-0.0131433
0
0
0
-0.0521626
0
0
0
0
0
0
0
0
0
0
0
0
0
946662e-9
0
0
0
0
0
0
0
0
0
0
-0.134961
0
0
0.455186
0
0.0100904
0
0
0
0
0
0
-0.0209659
0
0
-487053e-9
0
-0.0254922
0
0
0
0
0
0
0
0
-129439e-9
0
0
0
0
0.0156767
0
0
0
0
0
0
0
0
-0.0739287
0
0.0160972
0
0
-0.0512368
0
0
0
-0.0425906
0
0
0
0
0
0
0
0
0
0
0.0521626
0
0
-0.07792
0
-0.0209659
0
0
0
0
0
0
0
0
-0.0982067
0
0
0
0
0.109378
0
0
0
0
0
0
-0.0129975
0
0
0
0
-0.0164383
0
0
0
0
0
0
0
0
-0.0696812
0
0.0167519
0
0
-0.0524151
0
0
0
0
0
0
0
0
0
0
-0.0418346
0
0
