0	0
0	0
0.139891	0.139891
0	0
0	0
0	0
0	0
0	0
0	0
0	0
0	0
0	0
0	0
-0.139807	0.139807
0	0
0	0
0.274709	-0.274709
0	0
0.0493535	-0.0493535
0	0
0	0
0	0
0	0
0	0
0	0
0	0
0	0
0.274799	0.274799
0	0
0	0
0	0
0	0
-0.274632	-0.274632
0	0
0	0
0	0
0	0
0	0
0	0
0.0495347	0.0495347
0	0
0	0
0	0
0	0
0.0494124	0.0494124
0	0
0	0
0	0
0	0
0	0
0	0
0	0
0	0
0.274876	-0.274876
0	0
-0.0494758	0.0494758
0	0
0	0
0.139849	-0.139849
0	0
0	0
0	0
0	0
0	0
0	0
0	0
0	0
0	0
0	0
0.139849	0.139849
0	0
0	0
0	0
-0.139891	-0.139891
0	0
0	0
0.27483	0.27483
0	0
0.0493829	0.0493829
0	0
0	0
0	0
0	0
0	0
0	0
0	0
0	0
-957256e-20	957256e-20
0	0
0	0
0	0
0	0
151676e-19	-151676e-19
0	0
0	0
0	0
0	0
0	0
0	0
0	0
0	0
0.601299	0.601299
0	0
-118297e-9	-118297e-9
0	0
0	0
0.274876	0.274876
0	0
0	0
0	0
0	0
0	0
0	0
10813e-8	10813e-8
0	0
-0.0699662	-0.0699662
0	0
0	0
-0.0494758	-0.0494758
0	0
0	0
0	0
0	0
0	0
0	0
0	0
0	0
0	0
0	0
-679545e-20	679545e-20
0	0
0	0
0	0
0	0
0	0
0	0
0	0
0	0
0	0
0	0
0	0
0	0
0	0
-0.139849	-0.139849
0	0
0	0
0	0
0.27483	0.27483
0	0
0	0
0	0
0	0
-0.274677	-0.274677
0	0
0	0
0	0
0	0
0	0
0	0
0	0
0	0
0.601165	-0.601165
0	0
-118164e-9	118164e-9
0	0
0	0
0.274799	-0.274799
0	0
0	0
0	0
0	0
0	0
0	0
0	0
0	0
0	0
0	0
-0.601031	-0.601031
0	0
0	0
0	0
0	0
0	0
0	0
0	0
0	0
0	0
0	0
0	0
10813e-8	10813e-8
0	0
0	0
0	0
0	0
0	0
0	0
0	0
0	0
0	0
0	0
0	0
0	0
0	0
0.274632	-0.274632
0	0
0	0
0	0
0	0
0	0
0	0
0	0
0	0
0	0
0	0
0	0
0	0
0	0
0	0
0	0
0.0493829	0.0493829
0	0
0	0
0	0
0	0
0.0495051	0.0495051
0	0
0	0
0	0
0	0
0	0
0	0
0	0
0	0
-118297e-9	118297e-9
0	0
-0.0699244	0.0699244
0	0
0	0
-0.0495347	0.0495347
0	0
0	0
0	0
0	0
0	0
0	0
0	0
0	0
0	0
0	0
118164e-9	118164e-9
0	0
0	0
0	0
0	0
0	0
0	0
0	0
0	0
0	0
0	0
0	0
-0.0698829	-0.0698829
0	0
0	0
0	0
0	0
0	0
0	0
0	0
0	0
0	0
0	0
0	0
0	0
0	0
0.0494124	-0.0494124
0	0
0	0
0	0
0	0
0	0
0	0
0	0
0	0
0	0
0	0
0	0
0	0
0	0
0	0
0	0
0	0
0	0
0.274677	0.274677
0	0
-0.0495051	-0.0495051
0	0
0	0
0.139807	0.139807
0	0
0	0
0	0
0	0
0	0
0	0
0	0
0	0
0	0
0	0
976839e-20	-976839e-20
0	0
0	0
0	0
0	0
0	0
0	0
0	0
0	0
0	0
0	0
0	0
0	0
0	0
0.274709	0.274709
0	0
0	0
0	0
0	0
0	0
0	0
0	0
0	0
0	0
0	0
0	0
0.0493535	0.0493535
0	0
0	0
0	0
0	0
0	0
0	0
0	0
0	0
0	0
0	0
0	0
0	0
0	0
0	0
0	0
0	0
0	0
0	0
0	0
0	0
0	0
0	0
0	0
0	0
0	0
0	0
0	0
0	0
0	0
0	0
0	0
0	0
0	0
0.139807	0.139807
0	0
0	0
0	0
0	0
0	0
0	0
0	0
0	0
0	0
0	0
0	0
0	0
0	0
-0.139891	0.139891
0	0
0	0
0	0
0	0
0	0
0	0
0	0
0	0
0	0
0	0
0	0
0	0
0	0
0	0
0	0
0	0
0	0
0	0
0	0
0	0
0	0
0	0
0	0
0	0
0	0
0	0
0	0
0	0
0	0
0	0
0	0
0	0
0	0
0	0
0	0
0	0
0	0
0	0
0	0
0	0
0	0
0	0
0	0
0	0
0	0
0	0
0	0
0	0
0.139807	0.139807
0	0
0	0
0	0
0	0
0	0
0	0
0	0
0	0
0	0
0	0
0	0
0	0
0	0
-976839e-20	976839e-20
0	0
0	0
0	0
0	0
0	0
0	0
0	0
0	0
0	0
0	0
0.274677	0.274677
0	0
0	0
-0.601031	-0.601031
0	0
10813e-8	10813e-8
0	0
0	0
0	0
0	0
0	0
0	0
0.0495051	0.0495051
0	0
0	0
-118164e-9	-118164e-9
0	0
0.0698829	0.0698829
0	0
0	0
0	0
0	0
0	0
0	0
0	0
0	0
-151676e-19	151676e-19
0	0
0	0
0	0
0	0
-679545e-20	679545e-20
0	0
0	0
0	0
0	0
0	0
0	0
0	0
0	0
0.274632	0.274632
0	0
-0.0494124	-0.0494124
0	0
0	0
0.139849	0.139849
0	0
0	0
0	0
-957256e-20	-957256e-20
0	0
0	0
0	0
0	0
0	0
0	0
0	0
0	0
0	0
0	0
-976839e-20	976839e-20
0	0
0	0
118532e-19	-118532e-19
0	0
116849e-19	-116849e-19
0	0
0	0
0	0
0	0
0	0
0	0
0	0
0	0
142433e-19	142433e-19
0	0
0	0
0	0
0	0
857041e-20	857041e-20
0	0
0	0
0	0
0	0
0	0
0	0
-132229e-19	-132229e-19
0	0
0	0
0	0
0	0
-607918e-20	-607918e-20
0	0
0	0
0	0
0	0
0	0
0	0
0	0
0	0
857041e-20	-857041e-20
0	0
-607918e-20	607918e-20
0	0
0	0
679545e-20	-679545e-20
0	0
0	0
0	0
0	0
0	0
0	0
0	0
0	0
0	0
0	0
-679545e-20	-679545e-20
0	0
0	0
0	0
0.274709	0.274709
0	0
0	0
-0.601165	-0.601165
0	0
118297e-9	118297e-9
0	0
0	0
0	0
0	0
0	0
0	0
0	0
0	0
-118532e-19	118532e-19
0	0
0	0
0	0
0	0
142433e-19	-142433e-19
0	0
0	0
0	0
0	0
0	0
0	0
0	0
0	0
-1.12138	-1.12138
0	0
0.425183	0.425183
0	0
0	0
-0.601299	-0.601299
0	0
0	0
0	0
0	0
0	0
0	0
-0.425088	-0.425088
0	0
0.274792	0.274792
0	0
0	0
118297e-9	118297e-9
0	0
0	0
0	0
0	0
0	0
0	0
0	0
0	0
0	0
0	0
-857041e-20	857041e-20
0	0
0	0
0	0
0	0
0	0
0	0
0	0
0	0
0	0
0	0
0	0
0	0
0	0
0.274876	0.274876
0	0
0.0493535	0.0493535
0	0
0	0
118164e-9	118164e-9
0	0
0.0699244	0.0699244
0	0
0	0
0	0
0	0
0	0
0	0
0	0
0	0
-116849e-19	116849e-19
0	0
0	0
0	0
0	0
132229e-19	-132229e-19
0	0
0	0
0	0
0	0
0	0
0	0
0	0
0	0
-0.424993	-0.424993
0	0
0.274754	0.274754
0	0
0	0
10813e-8	10813e-8
0	0
0	0
0	0
0	0
0	0
0	0
-0.274716	-0.274716
0	0
0.148332	0.148332
0	0
0	0
-0.0699662	-0.0699662
0	0
0	0
0	0
0	0
0	0
0	0
0	0
0	0
0	0
0	0
-607918e-20	607918e-20
0	0
0	0
0	0
0	0
0	0
0	0
0	0
0	0
0	0
0	0
0	0
0	0
0	0
0.0494758	0.0494758
0	0
0	0
0	0
-151676e-19	-151676e-19
0	0
0	0
0	0
0	0
976839e-20	976839e-20
0	0
0	0
0	0
0	0
0	0
0	0
0	0
0	0
142433e-19	-142433e-19
0	0
132229e-19	-132229e-19
0	0
0	0
-957256e-20	957256e-20
0	0
0	0
0	0
0	0
0	0
0	0
0	0
0	0
0	0
0	0
118532e-19	118532e-19
0	0
0	0
0	0
0	0
0	0
0	0
0	0
0	0
0	0
0	0
0	0
116849e-19	116849e-19
0	0
0	0
0	0
0	0
0	0
0	0
0	0
0	0
0	0
0	0
0	0
0	0
0	0
-151676e-19	151676e-19
0	0
0	0
0	0
0	0
0	0
0	0
0	0
0	0
0	0
0	0
0	0
0	0
0	0
0	0
0	0
0	0
0	0
0.274799	0.274799
0	0
-0.0495347	-0.0495347
0	0
0	0
0.139891	0.139891
0	0
0	0
0	0
0	0
0	0
0	0
0	0
0	0
0	0
0	0
957256e-20	-957256e-20
0	0
0	0
0	0
0	0
0	0
0	0
0	0
0	0
0	0
0	0
0	0
0	0
0	0
0.27483	0.27483
0	0
0	0
0	0
0	0
0	0
0	0
0	0
0	0
0	0
0	0
0	0
0.0493829	0.0493829
0	0
0	0
0	0
0	0
0	0
0	0
0	0
0	0
0	0
0	0
0	0
0	0
0	0
0	0
0	0
0	0
0	0
0	0
0	0
0	0
0	0
0	0
0	0
0	0
0	0
0	0
0	0
0	0
0	0
0	0
0	0
0	0
0	0
0	0
0	0
0	0
0.274677	-0.274677
0	0
0	0
0	0
0	0
0	0
0	0
0	0
0	0
0	0
0	0
0	0
0	0
0	0
-0.601165	-0.601165
0	0
0	0
0	0
0	0
0	0
0	0
0	0
0	0
0	0
0	0
0	0
-118297e-9	-118297e-9
0	0
0	0
0	0
0	0
0	0
0	0
0	0
0	0
0	0
0	0
0.27483	-0.27483
0	0
0	0
-0.601299	0.601299
0	0
-10813e-8	10813e-8
0	0
0	0
0	0
0	0
0	0
0	0
0	0
0	0
0.274709	0.274709
0	0
0	0
0	0
0	0
-0.274876	-0.274876
0	0
0	0
0	0
0.274799	0.274799
0	0
0	0
0	0
0	0
0	0
0	0
0	0
0	0
0	0
0	0
0	0
0	0
0	0
-142433e-19	142433e-19
0	0
0	0
0	0
0	0
0	0
0	0
0	0
0	0
0	0
0	0
0.601165	0.601165
0	0
0	0
-1.12138	-1.12138
0	0
-0.425088	-0.425088
0	0
0	0
0	0
0	0
0	0
0	0
118164e-9	118164e-9
0	0
0	0
0.424993	0.424993
0	0
0.274716	0.274716
0	0
0	0
0	0
0	0
0	0
0	0
0	0
0	0
-118532e-19	118532e-19
0	0
0	0
0	0
0	0
857041e-20	-857041e-20
0	0
0	0
0	0
0	0
0	0
0	0
0	0
0	0
0.601031	0.601031
0	0
118164e-9	118164e-9
0	0
0	0
0.274632	0.274632
0	0
0	0
0	0
-0.601299	-0.601299
0	0
0	0
0	0
0	0
0	0
0	0
0	0
0	0
0	0
0	0
0.601031	-0.601031
0	0
0	0
-1.12138	1.12138
0	0
-0.424993	0.424993
0	0
0	0
0	0
0	0
0	0
0	0
0	0
0	0
-1.12138	-1.12138
0	0
0	0
0	0
0	0
1.12138	1.12138
0	0
0	0
0	0
0	0
0	0
0	0
-0.425183	-0.425183
0	0
0	0
0	0
0	0
-0.425183	-0.425183
0	0
0	0
0	0
0	0
0	0
0	0
0	0
0	0
-1.12138	1.12138
0	0
0.424993	-0.424993
0	0
0	0
-0.601031	0.601031
0	0
0	0
0	0
0	0
0	0
0	0
0	0
0	0
0	0
0	0
-0.601299	-0.601299
0	0
0	0
0	0
0	0
118297e-9	118297e-9
0	0
0	0
0	0
0	0
0	0
0	0
0	0
0	0
0	0
0	0
-10813e-8	10813e-8
0	0
0	0
0.425183	-0.425183
0	0
0.274754	-0.274754
0	0
0	0
0	0
0	0
0	0
0	0
0	0
0	0
-0.425088	-0.425088
0	0
0	0
0	0
0	0
-0.425088	-0.425088
0	0
0	0
0	0
0	0
0	0
0	0
-0.274792	-0.274792
0	0
0	0
0	0
0	0
0.274792	0.274792
0	0
0	0
0	0
0	0
0	0
0	0
0	0
0	0
-0.425183	0.425183
0	0
0.274754	-0.274754
0	0
0	0
-10813e-8	10813e-8
0	0
0	0
0	0
0	0
0	0
0	0
0	0
0	0
0	0
0	0
-118297e-9	-118297e-9
0	0
0	0
0	0
0.274632	0.274632
0	0
0	0
-0.601031	-0.601031
0	0
118164e-9	118164e-9
0	0
0	0
0	0
0	0
0	0
0	0
0	0
0	0
857041e-20	-857041e-20
0	0
0	0
0	0
0	0
-118532e-19	118532e-19
0	0
0	0
0	0
0	0
0	0
0	0
0	0
0	0
-1.12138	-1.12138
0	0
0.425088	0.425088
0	0
0	0
-0.601165	-0.601165
0	0
0	0
0	0
0	0
0	0
0	0
-0.424993	-0.424993
0	0
0.274716	0.274716
0	0
0	0
118164e-9	118164e-9
0	0
0	0
0	0
0	0
0	0
0	0
0	0
0	0
0	0
0	0
-142433e-19	142433e-19
0	0
0	0
0	0
0	0
0	0
0	0
0	0
0	0
0	0
0	0
0	0
0	0
0	0
0.274799	0.274799
0	0
0	0
0	0
0.274876	0.274876
0	0
0	0
0	0
0	0
-0.274709	-0.274709
0	0
0	0
0	0
0	0
0	0
0	0
0	0
0	0
0.601299	-0.601299
0	0
-10813e-8	10813e-8
0	0
0	0
0.27483	-0.27483
0	0
0	0
0	0
0	0
0	0
0	0
0	0
0	0
0	0
0	0
-0.601165	-0.601165
0	0
0	0
0	0
0	0
0	0
0	0
0	0
0	0
0	0
0	0
0	0
118297e-9	118297e-9
0	0
0	0
0	0
0	0
0	0
0	0
0	0
0	0
0	0
0	0
0	0
0	0
0	0
0.274677	-0.274677
0	0
0	0
0	0
0	0
0	0
0	0
0	0
0	0
0	0
0	0
0	0
0	0
0	0
0	0
0	0
0	0
0	0
0	0
0	0
0	0
0	0
0	0
0	0
0	0
0.0495051	-0.0495051
0	0
0	0
0	0
0	0
0	0
0	0
0	0
0	0
0	0
0	0
0	0
0	0
0	0
-118164e-9	-118164e-9
0	0
0	0
0	0
0	0
0	0
0	0
0	0
0	0
0	0
0	0
0	0
0.0699244	0.0699244
0	0
0	0
0	0
0	0
0	0
0	0
0	0
0	0
0	0
0	0
-0.0493829	0.0493829
0	0
0	0
-118297e-9	118297e-9
0	0
-0.0699662	0.0699662
0	0
0	0
0	0
0	0
0	0
0	0
0	0
0	0
-0.0493535	-0.0493535
0	0
0	0
0	0
0	0
-0.0494758	-0.0494758
0	0
0	0
0	0
0.0495347	0.0495347
0	0
0	0
0	0
0	0
0	0
0	0
0	0
0	0
0	0
0	0
0	0
0	0
0	0
132229e-19	-132229e-19
0	0
0	0
0	0
0	0
0	0
0	0
0	0
0	0
0	0
0	0
118297e-9	118297e-9
0	0
0	0
-0.425183	-0.425183
0	0
-0.274792	-0.274792
0	0
0	0
0	0
0	0
0	0
0	0
-0.0699244	-0.0699244
0	0
0	0
0.274754	0.274754
0	0
0.148332	0.148332
0	0
0	0
0	0
0	0
0	0
0	0
0	0
0	0
116849e-19	-116849e-19
0	0
0	0
0	0
0	0
607918e-20	-607918e-20
0	0
0	0
0	0
0	0
0	0
0	0
0	0
0	0
10813e-8	10813e-8
0	0
0.0698829	0.0698829
0	0
0	0
0.0494124	0.0494124
0	0
0	0
0	0
-10813e-8	-10813e-8
0	0
0	0
0	0
0	0
0	0
0	0
0	0
0	0
0	0
0	0
118164e-9	-118164e-9
0	0
0	0
-0.425088	0.425088
0	0
-0.274716	0.274716
0	0
0	0
0	0
0	0
0	0
0	0
0	0
0	0
0.424993	0.424993
0	0
0	0
0	0
0	0
0.424993	0.424993
0	0
0	0
0	0
0	0
0	0
0	0
0.274754	0.274754
0	0
0	0
0	0
0	0
-0.274754	-0.274754
0	0
0	0
0	0
0	0
0	0
0	0
0	0
0	0
0.425088	-0.425088
0	0
-0.274716	0.274716
0	0
0	0
118164e-9	-118164e-9
0	0
0	0
0	0
0	0
0	0
0	0
0	0
0	0
0	0
0	0
10813e-8	10813e-8
0	0
0	0
0	0
0	0
0.0699662	0.0699662
0	0
0	0
0	0
0	0
0	0
0	0
0	0
0	0
0	0
0	0
-0.0698829	0.0698829
0	0
0	0
0.274792	-0.274792
0	0
0.148332	-0.148332
0	0
0	0
0	0
0	0
0	0
0	0
0	0
0	0
0.274716	0.274716
0	0
0	0
0	0
0	0
-0.274716	-0.274716
0	0
0	0
0	0
0	0
0	0
0	0
0.148332	0.148332
0	0
0	0
0	0
0	0
0.148332	0.148332
0	0
0	0
0	0
0	0
0	0
0	0
0	0
0	0
0.274792	-0.274792
0	0
-0.148332	0.148332
0	0
0	0
0.0698829	-0.0698829
0	0
0	0
0	0
0	0
0	0
0	0
0	0
0	0
0	0
0	0
0.0699662	0.0699662
0	0
0	0
0	0
-0.0494124	-0.0494124
0	0
0	0
10813e-8	10813e-8
0	0
-0.0698829	-0.0698829
0	0
0	0
0	0
0	0
0	0
0	0
0	0
0	0
-607918e-20	607918e-20
0	0
0	0
0	0
0	0
-116849e-19	116849e-19
0	0
0	0
0	0
0	0
0	0
0	0
0	0
0	0
0.425183	0.425183
0	0
-0.274792	-0.274792
0	0
0	0
118297e-9	118297e-9
0	0
0	0
0	0
0	0
0	0
0	0
0.274754	0.274754
0	0
-0.148332	-0.148332
0	0
0	0
0.0699244	0.0699244
0	0
0	0
0	0
0	0
0	0
0	0
0	0
0	0
0	0
0	0
-132229e-19	132229e-19
0	0
0	0
0	0
0	0
0	0
0	0
0	0
0	0
0	0
0	0
0	0
0	0
0	0
-0.0495347	-0.0495347
0	0
0	0
0	0
-0.0494758	-0.0494758
0	0
0	0
0	0
0	0
-0.0493535	-0.0493535
0	0
0	0
0	0
0	0
0	0
0	0
0	0
0	0
-118297e-9	118297e-9
0	0
0.0699662	-0.0699662
0	0
0	0
0.0493829	-0.0493829
0	0
0	0
0	0
0	0
0	0
0	0
0	0
0	0
0	0
0	0
118164e-9	118164e-9
0	0
0	0
0	0
0	0
0	0
0	0
0	0
0	0
0	0
0	0
0	0
0.0699244	0.0699244
0	0
0	0
0	0
0	0
0	0
0	0
0	0
0	0
0	0
0	0
0	0
0	0
0	0
-0.0495051	0.0495051
0	0
0	0
0	0
0	0
0	0
0	0
0	0
0	0
0	0
0	0
0	0
0	0
0	0
0	0
0	0
0	0
0	0
0	0
0	0
0	0
0	0
0	0
0	0
0	0
0	0
0	0
0	0
0	0
0	0
0	0
0	0
0	0
0	0
0	0
0	0
0	0
-0.27483	-0.27483
0	0
0	0
0	0
0	0
0	0
0	0
0	0
0	0
0	0
0	0
0	0
0.0493829	0.0493829
0	0
0	0
0	0
0	0
0	0
0	0
0	0
0	0
0	0
0	0
0	0
0	0
0	0
957256e-20	-957256e-20
0	0
0	0
0	0
0	0
0	0
0	0
0	0
0	0
0	0
0	0
0.139891	0.139891
0	0
0	0
-0.274799	-0.274799
0	0
-0.0495347	-0.0495347
0	0
0	0
0	0
0	0
0	0
0	0
0	0
0	0
0	0
0	0
0	0
0	0
0	0
0	0
0	0
0	0
0	0
151676e-19	-151676e-19
0	0
0	0
0	0
0	0
0	0
0	0
0	0
0	0
0	0
0	0
0	0
0	0
0	0
-118532e-19	-118532e-19
0	0
0	0
0	0
0	0
0	0
0	0
0	0
0	0
0	0
0	0
0	0
116849e-19	116849e-19
0	0
0	0
0	0
0	0
0	0
0	0
0	0
0	0
0	0
0	0
957256e-20	-957256e-20
0	0
0	0
142433e-19	-142433e-19
0	0
-132229e-19	132229e-19
0	0
0	0
0	0
0	0
0	0
0	0
0	0
0	0
976839e-20	976839e-20
0	0
0	0
0	0
0	0
-151676e-19	-151676e-19
0	0
0	0
0	0
-0.274876	-0.274876
0	0
0	0
0	0
0	0
0	0
0	0
0	0
0	0
0	0
0	0
0	0
0	0
0	0
857041e-20	-857041e-20
0	0
0	0
0	0
0	0
0	0
0	0
0	0
0	0
0	0
0	0
-0.601299	-0.601299
0	0
0	0
1.12138	1.12138
0	0
0.425183	0.425183
0	0
0	0
0	0
0	0
0	0
0	0
-118297e-9	-118297e-9
0	0
0	0
-0.425088	-0.425088
0	0
-0.274792	-0.274792
0	0
0	0
0	0
0	0
0	0
0	0
0	0
0	0
-142433e-19	142433e-19
0	0
0	0
0	0
0	0
118532e-19	-118532e-19
0	0
0	0
0	0
0	0
0	0
0	0
0	0
0	0
-0.601165	-0.601165
0	0
-118297e-9	-118297e-9
0	0
0	0
-0.274709	-0.274709
0	0
0.0494758	0.0494758
0	0
0	0
0	0
0	0
0	0
0	0
0	0
0	0
0	0
0	0
0	0
0	0
0	0
-607918e-20	607918e-20
0	0
0	0
0	0
0	0
0	0
0	0
0	0
0	0
0	0
0	0
-10813e-8	-10813e-8
0	0
0	0
-0.424993	-0.424993
0	0
-0.274754	-0.274754
0	0
0	0
0	0
0	0
0	0
0	0
-0.0699662	-0.0699662
0	0
0	0
0.274716	0.274716
0	0
0.148332	0.148332
0	0
0	0
0	0
0	0
0	0
0	0
0	0
0	0
132229e-19	-132229e-19
0	0
0	0
0	0
0	0
-116849e-19	116849e-19
0	0
0	0
0	0
0	0
0	0
0	0
0	0
0	0
-118164e-9	-118164e-9
0	0
0.0699244	0.0699244
0	0
0	0
0.0493535	0.0493535
0	0
0	0
0	0
-679545e-20	-679545e-20
0	0
0	0
0	0
0	0
0	0
0	0
0	0
0	0
0	0
0	0
-679545e-20	679545e-20
0	0
0	0
857041e-20	-857041e-20
0	0
607918e-20	-607918e-20
0	0
0	0
0	0
0	0
0	0
0	0
0	0
0	0
-857041e-20	-857041e-20
0	0
0	0
0	0
0	0
-142433e-19	-142433e-19
0	0
0	0
0	0
0	0
0	0
0	0
-607918e-20	-607918e-20
0	0
0	0
0	0
0	0
-132229e-19	-132229e-19
0	0
0	0
0	0
0	0
0	0
0	0
0	0
0	0
118532e-19	-118532e-19
0	0
-116849e-19	116849e-19
0	0
0	0
976839e-20	-976839e-20
0	0
0	0
0	0
0	0
0	0
0	0
0	0
0	0
0	0
0	0
-957256e-20	-957256e-20
0	0
0	0
0	0
0.139849	0.139849
0	0
0	0
-0.274632	-0.274632
0	0
-0.0494124	-0.0494124
0	0
0	0
0	0
0	0
0	0
0	0
0	0
0	0
-679545e-20	679545e-20
0	0
0	0
0	0
0	0
-151676e-19	151676e-19
0	0
0	0
0	0
0	0
0	0
0	0
0	0
0	0
-0.601031	-0.601031
0	0
-10813e-8	-10813e-8
0	0
0	0
-0.274677	-0.274677
0	0
0	0
0	0
0	0
0	0
0	0
118164e-9	118164e-9
0	0
0.0698829	0.0698829
0	0
0	0
0.0495051	0.0495051
0	0
0	0
0	0
0	0
0	0
0	0
0	0
0	0
0	0
0	0
-976839e-20	976839e-20
0	0
0	0
0	0
0	0
0	0
0	0
0	0
0	0
0	0
0	0
0	0
0	0
0	0
0.139807	0.139807
0	0
0	0
0	0
0	0
0	0
0	0
0	0
0	0
0	0
0	0
0	0
0	0
0	0
0	0
0	0
0	0
0	0
0	0
0	0
0	0
0	0
0	0
0	0
0	0
0	0
0	0
0	0
0	0
0	0
0	0
0	0
0	0
0	0
0	0
0	0
0	0
0	0
0	0
0	0
0	0
0	0
0	0
0	0
0	0
0	0
0	0
0	0
0	0
0.139891	-0.139891
0	0
0	0
0	0
0	0
0	0
0	0
0	0
0	0
0	0
0	0
0	0
0	0
0	0
0.139807	0.139807
0	0
0	0
0	0
0	0
0	0
0	0
0	0
0	0
0	0
0	0
0	0
0	0
0	0
0	0
0	0
0	0
0	0
0	0
0	0
0	0
0	0
0	0
0	0
0	0
0	0
0	0
0	0
0	0
0	0
0	0
0	0
0	0
0	0
0.274709	0.274709
0	0
0	0
0	0
0	0
0	0
0	0
0	0
0	0
0	0
0	0
0	0
-0.0493535	-0.0493535
0	0
0	0
0	0
0	0
0	0
0	0
0	0
0	0
0	0
0	0
0	0
0	0
0	0
-976839e-20	976839e-20
0	0
0	0
0	0
0	0
0	0
0	0
0	0
0	0
0	0
0	0
-0.139807	-0.139807
0	0
0	0
0.274677	0.274677
0	0
0.0495051	0.0495051
0	0
0	0
0	0
0	0
0	0
0	0
0	0
0	0
0	0
0	0
0	0
0	0
0	0
0	0
0	0
0	0
0	0
0.274632	-0.274632
0	0
0	0
0	0
0	0
0	0
0	0
0	0
0	0
0	0
0	0
0	0
0	0
0	0
-0.601031	-0.601031
0	0
0	0
0	0
0	0
0	0
0	0
0	0
0	0
0	0
0	0
0	0
-10813e-8	-10813e-8
0	0
0	0
0	0
0	0
0	0
0	0
0	0
0	0
0	0
0	0
0.274799	-0.274799
0	0
0	0
-0.601165	0.601165
0	0
-118164e-9	118164e-9
0	0
0	0
0	0
0	0
0	0
0	0
0	0
0	0
0.274677	0.274677
0	0
0	0
0	0
0	0
-0.27483	-0.27483
0	0
0	0
0	0
0	0
0	0
0	0
0	0
0	0
0	0
0	0
0	0
0	0
0	0
0	0
0	0
-0.0494124	0.0494124
0	0
0	0
0	0
0	0
0	0
0	0
0	0
0	0
0	0
0	0
0	0
0	0
0	0
-118164e-9	-118164e-9
0	0
0	0
0	0
0	0
0	0
0	0
0	0
0	0
0	0
0	0
0	0
-0.0698829	-0.0698829
0	0
0	0
0	0
0	0
0	0
0	0
0	0
0	0
0	0
0	0
0.0495347	-0.0495347
0	0
0	0
-118297e-9	118297e-9
0	0
0.0699244	-0.0699244
0	0
0	0
0	0
0	0
0	0
0	0
0	0
0	0
0.0495051	0.0495051
0	0
0	0
0	0
0	0
0.0493829	0.0493829
0	0
0	0
0	0
0.139849	0.139849
0	0
0	0
0	0
0	0
0	0
0	0
0	0
0	0
0	0
0	0
0	0
0	0
0	0
679545e-20	-679545e-20
0	0
0	0
0	0
0	0
0	0
0	0
0	0
0	0
0	0
0	0
0.274876	0.274876
0	0
0	0
-0.601299	-0.601299
0	0
-118297e-9	-118297e-9
0	0
0	0
0	0
0	0
0	0
0	0
0.0494758	0.0494758
0	0
0	0
10813e-8	10813e-8
0	0
0.0699662	0.0699662
0	0
0	0
0	0
0	0
0	0
0	0
0	0
0	0
-151676e-19	151676e-19
0	0
0	0
0	0
0	0
957256e-20	-957256e-20
0	0
0	0
0	0
0	0
0	0
0	0
0	0
0	0
0.27483	0.27483
0	0
-0.0493829	-0.0493829
0	0
0	0
0.139891	0.139891
0	0
0	0
0	0
0.139849	0.139849
0	0
0	0
0	0
0	0
0	0
0	0
0	0
0	0
0	0
0	0
-0.139849	0.139849
0	0
0	0
0.274876	-0.274876
0	0
0.0494758	-0.0494758
0	0
0	0
0	0
0	0
0	0
0	0
0	0
0	0
0.274632	0.274632
0	0
0	0
0	0
0	0
-0.274799	-0.274799
0	0
0	0
0	0
0	0
0	0
0	0
0.0494124	0.0494124
0	0
0	0
0	0
0	0
0.0495347	0.0495347
0	0
0	0
0	0
0	0
0	0
0	0
0	0
0	0
0.274709	-0.274709
0	0
-0.0493535	0.0493535
0	0
0	0
0.139807	-0.139807
0	0
0	0
0	0
0	0
0	0
0	0
0	0
0	0
0	0
0	0
0.139891	0.139891
0	0
0	0
