0	0
0	0
-785765e-20	-785765e-20
0	0
0	0
0	0
0	0
0	0
0	0
0	0
0	0
0	0
0	0
-419792e-20	419792e-20
0	0
0	0
355982e-13	-355982e-13
0	0
-412814e-20	412814e-20
0	0
0	0
0	0
0	0
0	0
0	0
0	0
0	0
71193e-12	71193e-12
0	0
0	0
0	0
0	0
-494256e-13	-494256e-13
0	0
0	0
0	0
0	0
0	0
0	0
-764966e-20	-764966e-20
0	0
0	0
0	0
0	0
398222e-20	398222e-20
0	0
0	0
0	0
0	0
0	0
0	0
0	0
0	0
472587e-13	-472587e-13
0	0
165461e-19	-165461e-19
0	0
0	0
-160695e-19	160695e-19
0	0
0	0
0	0
0	0
0	0
0	0
0	0
0	0
0	0
0	0
-131207e-19	-131207e-19
0	0
0	0
0	0
962362e-20	962362e-20
0	0
0	0
411162e-13	411162e-13
0	0
249358e-20	249358e-20
0	0
0	0
0	0
0	0
0	0
0	0
0	0
0	0
-0.0142808	0.0142808
0	0
0	0
0	0
0	0
971344e-13	-971344e-13
0	0
0	0
0	0
0	0
0	0
0	0
0	0
0	0
-0.50285	-0.50285
0	0
-142812e-13	-142812e-13
0	0
0	0
818545e-13	818545e-13
0	0
0	0
0	0
0	0
0	0
0	0
-830421e-15	-830421e-15
0	0
386825e-20	386825e-20
0	0
0	0
165461e-19	165461e-19
0	0
0	0
0	0
0	0
0	0
0	0
0	0
0	0
0	0
0	0
0.0140803	-0.0140803
0	0
0	0
0	0
0	0
0	0
0	0
0	0
0	0
0	0
0	0
0	0
0	0
0	0
160695e-19	160695e-19
0	0
0	0
0	0
58147e-12	58147e-12
0	0
0	0
0	0
0	0
-598079e-13	-598079e-13
0	0
0	0
0	0
0	0
0	0
0	0
0	0
0	0
-0.532797	0.532797
0	0
-188511e-13	188511e-13
0	0
0	0
871933e-13	-871933e-13
0	0
0	0
0	0
0	0
0	0
0	0
0	0
0	0
0	0
0	0
0.7325	0.7325
0	0
0	0
0	0
0	0
0	0
0	0
0	0
0	0
0	0
0	0
0	0
-117439e-14	-117439e-14
0	0
0	0
0	0
0	0
0	0
0	0
0	0
0	0
0	0
0	0
0	0
0	0
0	0
605338e-13	-605338e-13
0	0
0	0
0	0
0	0
0	0
0	0
0	0
0	0
0	0
0	0
0	0
0	0
0	0
0	0
0	0
2036e-18	2036e-18
0	0
0	0
0	0
0	0
-847676e-20	-847676e-20
0	0
0	0
0	0
0	0
0	0
0	0
0	0
0	0
-824523e-14	824523e-14
0	0
-329071e-19	329071e-19
0	0
0	0
936889e-20	-936889e-20
0	0
0	0
0	0
0	0
0	0
0	0
0	0
0	0
0	0
0	0
153919e-13	153919e-13
0	0
0	0
0	0
0	0
0	0
0	0
0	0
0	0
0	0
0	0
0	0
911956e-21	911956e-21
0	0
0	0
0	0
0	0
0	0
0	0
0	0
0	0
0	0
0	0
0	0
0	0
0	0
487721e-20	-487721e-20
0	0
0	0
0	0
0	0
0	0
0	0
0	0
0	0
0	0
0	0
0	0
0	0
0	0
0	0
0	0
0	0
0	0
422906e-13	422906e-13
0	0
103819e-19	103819e-19
0	0
0	0
419792e-20	419792e-20
0	0
0	0
0	0
0	0
0	0
0	0
0	0
0	0
0	0
0	0
-0.028361	0.028361
0	0
0	0
0	0
0	0
0	0
0	0
0	0
0	0
0	0
0	0
0	0
0	0
0	0
616579e-13	616579e-13
0	0
0	0
0	0
0	0
0	0
0	0
0	0
0	0
0	0
0	0
0	0
-412814e-20	-412814e-20
0	0
0	0
0	0
0	0
0	0
0	0
0	0
0	0
0	0
0	0
0	0
0	0
0	0
0	0
0	0
0	0
0	0
0	0
0	0
0	0
0	0
0	0
0	0
0	0
0	0
0	0
0	0
0	0
0	0
0	0
0	0
0	0
0	0
342758e-20	342758e-20
0	0
0	0
0	0
0	0
0	0
0	0
0	0
0	0
0	0
0	0
0	0
0	0
0	0
962362e-20	-962362e-20
0	0
0	0
0	0
0	0
0	0
0	0
0	0
0	0
0	0
0	0
0	0
0	0
0	0
0	0
0	0
0	0
0	0
0	0
0	0
0	0
0	0
0	0
0	0
0	0
0	0
0	0
0	0
0	0
0	0
0	0
0	0
0	0
0	0
0	0
0	0
0	0
0	0
0	0
0	0
0	0
0	0
0	0
0	0
0	0
0	0
0	0
0	0
0	0
342758e-20	342758e-20
0	0
0	0
0	0
0	0
0	0
0	0
0	0
0	0
0	0
0	0
0	0
0	0
0	0
0.0231567	-0.0231567
0	0
0	0
0	0
0	0
0	0
0	0
0	0
0	0
0	0
0	0
598079e-13	598079e-13
0	0
0	0
0.422909	0.422909
0	0
-117439e-14	-117439e-14
0	0
0	0
0	0
0	0
0	0
0	0
-847676e-20	-847676e-20
0	0
0	0
-888651e-14	-888651e-14
0	0
-911956e-21	-911956e-21
0	0
0	0
0	0
0	0
0	0
0	0
0	0
0	0
-793099e-13	793099e-13
0	0
0	0
0	0
0	0
0.0114965	-0.0114965
0	0
0	0
0	0
0	0
0	0
0	0
0	0
0	0
285359e-13	285359e-13
0	0
-398222e-20	-398222e-20
0	0
0	0
-131207e-19	-131207e-19
0	0
0	0
0	0
-0.0116602	-0.0116602
0	0
0	0
0	0
0	0
0	0
0	0
0	0
0	0
0	0
0	0
0.028361	-0.028361
0	0
0	0
-0.0356327	0.0356327
0	0
-0.0200543	0.0200543
0	0
0	0
0	0
0	0
0	0
0	0
0	0
0	0
-0.0272433	-0.0272433
0	0
0	0
0	0
0	0
-0.023149	-0.023149
0	0
0	0
0	0
0	0
0	0
0	0
-0.00824496	-0.00824496
0	0
0	0
0	0
0	0
0.00812921	0.00812921
0	0
0	0
0	0
0	0
0	0
0	0
0	0
0	0
-0.0163688	0.0163688
0	0
0.00995621	-0.00995621
0	0
0	0
-0.0140803	0.0140803
0	0
0	0
0	0
0	0
0	0
0	0
0	0
0	0
0	0
0	0
0.0114965	0.0114965
0	0
0	0
0	0
503435e-13	503435e-13
0	0
0	0
0.435027	0.435027
0	0
116605e-13	116605e-13
0	0
0	0
0	0
0	0
0	0
0	0
0	0
0	0
0.0503923	-0.0503923
0	0
0	0
0	0
0	0
-0.0272433	0.0272433
0	0
0	0
0	0
0	0
0	0
0	0
0	0
0	0
0.950105	0.950105
0	0
-0.50285	-0.50285
0	0
0	0
0.711138	0.711138
0	0
0	0
0	0
0	0
0	0
0	0
0.307611	0.307611
0	0
585887e-13	585887e-13
0	0
0	0
116605e-13	116605e-13
0	0
0	0
0	0
0	0
0	0
0	0
0	0
0	0
0	0
0	0
0.023149	-0.023149
0	0
0	0
0	0
0	0
0	0
0	0
0	0
0	0
0	0
0	0
0	0
0	0
0	0
66834e-12	66834e-12
0	0
-337061e-20	-337061e-20
0	0
0	0
888651e-14	888651e-14
0	0
268685e-19	268685e-19
0	0
0	0
0	0
0	0
0	0
0	0
0	0
0	0
0.0163743	-0.0163743
0	0
0	0
0	0
0	0
0.00824496	-0.00824496
0	0
0	0
0	0
0	0
0	0
0	0
0	0
0	0
0.299042	0.299042
0	0
589775e-13	589775e-13
0	0
0	0
-117439e-14	-117439e-14
0	0
0	0
0	0
0	0
0	0
0	0
-348196e-13	-348196e-13
0	0
-143934e-19	-143934e-19
0	0
0	0
315841e-20	315841e-20
0	0
0	0
0	0
0	0
0	0
0	0
0	0
0	0
0	0
0	0
0.00812921	-0.00812921
0	0
0	0
0	0
0	0
0	0
0	0
0	0
0	0
0	0
0	0
0	0
0	0
0	0
-135099e-19	-135099e-19
0	0
0	0
0	0
-793099e-13	-793099e-13
0	0
0	0
0	0
0	0
-0.0231567	-0.0231567
0	0
0	0
0	0
0	0
0	0
0	0
0	0
0	0
-0.0192639	0.0192639
0	0
0.010098	-0.010098
0	0
0	0
-0.0142808	0.0142808
0	0
0	0
0	0
0	0
0	0
0	0
0	0
0	0
0	0
0	0
-0.0503923	-0.0503923
0	0
0	0
0	0
0	0
0	0
0	0
0	0
0	0
0	0
0	0
0	0
-0.0163743	-0.0163743
0	0
0	0
0	0
0	0
0	0
0	0
0	0
0	0
0	0
0	0
0	0
0	0
0	0
-971344e-13	971344e-13
0	0
0	0
0	0
0	0
0	0
0	0
0	0
0	0
0	0
0	0
0	0
0	0
0	0
0	0
0	0
0	0
0	0
411033e-13	411033e-13
0	0
764966e-20	764966e-20
0	0
0	0
-785765e-20	-785765e-20
0	0
0	0
0	0
0	0
0	0
0	0
0	0
0	0
0	0
0	0
0.0116602	-0.0116602
0	0
0	0
0	0
0	0
0	0
0	0
0	0
0	0
0	0
0	0
0	0
0	0
0	0
58147e-12	58147e-12
0	0
0	0
0	0
0	0
0	0
0	0
0	0
0	0
0	0
0	0
0	0
2036e-18	2036e-18
0	0
0	0
0	0
0	0
0	0
0	0
0	0
0	0
0	0
0	0
0	0
0	0
0	0
0	0
0	0
0	0
0	0
0	0
0	0
0	0
0	0
0	0
0	0
0	0
0	0
0	0
0	0
0	0
0	0
0	0
0	0
0	0
0	0
0	0
0	0
0	0
422906e-13	-422906e-13
0	0
0	0
0	0
0	0
0	0
0	0
0	0
0	0
0	0
0	0
0	0
0	0
0	0
0.435027	0.435027
0	0
0	0
0	0
0	0
0	0
0	0
0	0
0	0
0	0
0	0
0	0
-67322e-13	-67322e-13
0	0
0	0
0	0
0	0
0	0
0	0
0	0
0	0
0	0
0	0
411162e-13	-411162e-13
0	0
0	0
0.290321	-0.290321
0	0
830421e-15	-830421e-15
0	0
0	0
0	0
0	0
0	0
0	0
0	0
0	0
290658e-13	290658e-13
0	0
0	0
0	0
0	0
-385866e-13	-385866e-13
0	0
0	0
0	0
503411e-13	503411e-13
0	0
0	0
0	0
0	0
0	0
0	0
0	0
0	0
0	0
0	0
0	0
0	0
0	0
0.0192639	-0.0192639
0	0
0	0
0	0
0	0
0	0
0	0
0	0
0	0
0	0
0	0
-0.532797	-0.532797
0	0
0	0
0.671826	0.671826
0	0
0.376745	0.376745
0	0
0	0
0	0
0	0
0	0
0	0
108837e-13	108837e-13
0	0
0	0
-0.211455	-0.211455
0	0
426451e-13	426451e-13
0	0
0	0
0	0
0	0
0	0
0	0
0	0
0	0
0.0356327	-0.0356327
0	0
0	0
0	0
0	0
-0.0163688	0.0163688
0	0
0	0
0	0
0	0
0	0
0	0
0	0
0	0
-0.299042	-0.299042
0	0
108837e-13	108837e-13
0	0
0	0
349492e-13	349492e-13
0	0
0	0
0	0
0.410576	0.410576
0	0
0	0
0	0
0	0
0	0
0	0
0	0
0	0
0	0
0	0
-0.517956	0.517956
0	0
0	0
0.671826	-0.671826
0	0
0.36625	-0.36625
0	0
0	0
0	0
0	0
0	0
0	0
0	0
0	0
0.950105	0.950105
0	0
0	0
0	0
0	0
-0.950105	-0.950105
0	0
0	0
0	0
0	0
0	0
0	0
0.290321	0.290321
0	0
0	0
0	0
0	0
0.290321	0.290321
0	0
0	0
0	0
0	0
0	0
0	0
0	0
0	0
0.671826	-0.671826
0	0
-0.36625	0.36625
0	0
0	0
0.517956	-0.517956
0	0
0	0
0	0
0	0
0	0
0	0
0	0
0	0
0	0
0	0
0.410576	0.410576
0	0
0	0
0	0
0	0
67322e-13	67322e-13
0	0
0	0
0	0
0	0
0	0
0	0
0	0
0	0
0	0
0	0
830421e-15	-830421e-15
0	0
0	0
-0.205288	0.205288
0	0
417034e-13	-417034e-13
0	0
0	0
0	0
0	0
0	0
0	0
0	0
0	0
0.307611	0.307611
0	0
0	0
0	0
0	0
0.307611	0.307611
0	0
0	0
0	0
0	0
0	0
0	0
-338262e-13	-338262e-13
0	0
0	0
0	0
0	0
338262e-13	338262e-13
0	0
0	0
0	0
0	0
0	0
0	0
0	0
0	0
0.205288	-0.205288
0	0
417034e-13	-417034e-13
0	0
0	0
830421e-15	-830421e-15
0	0
0	0
0	0
0	0
0	0
0	0
0	0
0	0
0	0
0	0
-67322e-13	-67322e-13
0	0
0	0
0	0
349492e-13	349492e-13
0	0
0	0
0.299042	0.299042
0	0
108837e-13	108837e-13
0	0
0	0
0	0
0	0
0	0
0	0
0	0
0	0
-0.0163688	0.0163688
0	0
0	0
0	0
0	0
0.0356327	-0.0356327
0	0
0	0
0	0
0	0
0	0
0	0
0	0
0	0
0.671826	0.671826
0	0
-0.376745	-0.376745
0	0
0	0
0.532797	0.532797
0	0
0	0
0	0
0	0
0	0
0	0
0.211455	0.211455
0	0
426451e-13	426451e-13
0	0
0	0
108837e-13	108837e-13
0	0
0	0
0	0
0	0
0	0
0	0
0	0
0	0
0	0
0	0
0.0192639	-0.0192639
0	0
0	0
0	0
0	0
0	0
0	0
0	0
0	0
0	0
0	0
0	0
0	0
0	0
503411e-13	503411e-13
0	0
0	0
0	0
385866e-13	385866e-13
0	0
0	0
0	0
0	0
-290658e-13	-290658e-13
0	0
0	0
0	0
0	0
0	0
0	0
0	0
0	0
-0.290321	0.290321
0	0
830421e-15	-830421e-15
0	0
0	0
411162e-13	-411162e-13
0	0
0	0
0	0
0	0
0	0
0	0
0	0
0	0
0	0
0	0
0.435027	0.435027
0	0
0	0
0	0
0	0
0	0
0	0
0	0
0	0
0	0
0	0
0	0
67322e-13	67322e-13
0	0
0	0
0	0
0	0
0	0
0	0
0	0
0	0
0	0
0	0
0	0
0	0
0	0
422906e-13	-422906e-13
0	0
0	0
0	0
0	0
0	0
0	0
0	0
0	0
0	0
0	0
0	0
0	0
0	0
0	0
0	0
0	0
0	0
0	0
0	0
0	0
0	0
0	0
0	0
0	0
-103819e-19	103819e-19
0	0
0	0
0	0
0	0
0	0
0	0
0	0
0	0
0	0
0	0
0	0
0	0
0	0
-153919e-13	-153919e-13
0	0
0	0
0	0
0	0
0	0
0	0
0	0
0	0
0	0
0	0
0	0
268685e-19	268685e-19
0	0
0	0
0	0
0	0
0	0
0	0
0	0
0	0
0	0
0	0
-249358e-20	249358e-20
0	0
0	0
-824523e-14	824523e-14
0	0
386825e-20	-386825e-20
0	0
0	0
0	0
0	0
0	0
0	0
0	0
0	0
337061e-20	337061e-20
0	0
0	0
0	0
0	0
135099e-19	135099e-19
0	0
0	0
0	0
-936889e-20	-936889e-20
0	0
0	0
0	0
0	0
0	0
0	0
0	0
0	0
0	0
0	0
0	0
0	0
0	0
0.010098	-0.010098
0	0
0	0
0	0
0	0
0	0
0	0
0	0
0	0
0	0
0	0
142812e-13	142812e-13
0	0
0	0
0.355569	0.355569
0	0
-717562e-13	-717562e-13
0	0
0	0
0	0
0	0
0	0
0	0
-329071e-19	-329071e-19
0	0
0	0
417034e-13	417034e-13
0	0
-176283e-19	-176283e-19
0	0
0	0
0	0
0	0
0	0
0	0
0	0
0	0
-0.0200543	0.0200543
0	0
0	0
0	0
0	0
-0.00995621	0.00995621
0	0
0	0
0	0
0	0
0	0
0	0
0	0
0	0
-830421e-15	-830421e-15
0	0
-111691e-20	-111691e-20
0	0
0	0
487721e-20	487721e-20
0	0
0	0
0	0
117439e-14	117439e-14
0	0
0	0
0	0
0	0
0	0
0	0
0	0
0	0
0	0
0	0
188511e-13	-188511e-13
0	0
0	0
0.376745	-0.376745
0	0
-738635e-13	738635e-13
0	0
0	0
0	0
0	0
0	0
0	0
0	0
0	0
-0.517956	-0.517956
0	0
0	0
0	0
0	0
-0.517956	-0.517956
0	0
0	0
0	0
0	0
0	0
0	0
589775e-13	589775e-13
0	0
0	0
0	0
0	0
-589775e-13	-589775e-13
0	0
0	0
0	0
0	0
0	0
0	0
0	0
0	0
-0.376745	0.376745
0	0
-738635e-13	738635e-13
0	0
0	0
188511e-13	-188511e-13
0	0
0	0
0	0
0	0
0	0
0	0
0	0
0	0
0	0
0	0
-117439e-14	-117439e-14
0	0
0	0
0	0
0	0
-315841e-20	-315841e-20
0	0
0	0
0	0
0	0
0	0
0	0
0	0
0	0
0	0
0	0
111691e-20	-111691e-20
0	0
0	0
414285e-13	-414285e-13
0	0
-176283e-19	176283e-19
0	0
0	0
0	0
0	0
0	0
0	0
0	0
0	0
603093e-13	603093e-13
0	0
0	0
0	0
0	0
-603093e-13	-603093e-13
0	0
0	0
0	0
0	0
0	0
0	0
-143934e-19	-143934e-19
0	0
0	0
0	0
0	0
-143934e-19	-143934e-19
0	0
0	0
0	0
0	0
0	0
0	0
0	0
0	0
414285e-13	-414285e-13
0	0
176283e-19	-176283e-19
0	0
0	0
-111691e-20	111691e-20
0	0
0	0
0	0
0	0
0	0
0	0
0	0
0	0
0	0
0	0
-315841e-20	-315841e-20
0	0
0	0
0	0
-487721e-20	-487721e-20
0	0
0	0
-830421e-15	-830421e-15
0	0
111691e-20	111691e-20
0	0
0	0
0	0
0	0
0	0
0	0
0	0
0	0
0.00995621	-0.00995621
0	0
0	0
0	0
0	0
0.0200543	-0.0200543
0	0
0	0
0	0
0	0
0	0
0	0
0	0
0	0
-0.355569	-0.355569
0	0
-717562e-13	-717562e-13
0	0
0	0
142812e-13	142812e-13
0	0
0	0
0	0
0	0
0	0
0	0
417034e-13	417034e-13
0	0
176283e-19	176283e-19
0	0
0	0
329071e-19	329071e-19
0	0
0	0
0	0
0	0
0	0
0	0
0	0
0	0
0	0
0	0
-0.010098	0.010098
0	0
0	0
0	0
0	0
0	0
0	0
0	0
0	0
0	0
0	0
0	0
0	0
0	0
936889e-20	936889e-20
0	0
0	0
0	0
135099e-19	135099e-19
0	0
0	0
0	0
0	0
337061e-20	337061e-20
0	0
0	0
0	0
0	0
0	0
0	0
0	0
0	0
-824523e-14	824523e-14
0	0
-386825e-20	386825e-20
0	0
0	0
249358e-20	-249358e-20
0	0
0	0
0	0
0	0
0	0
0	0
0	0
0	0
0	0
0	0
153919e-13	153919e-13
0	0
0	0
0	0
0	0
0	0
0	0
0	0
0	0
0	0
0	0
0	0
268685e-19	268685e-19
0	0
0	0
0	0
0	0
0	0
0	0
0	0
0	0
0	0
0	0
0	0
0	0
0	0
103819e-19	-103819e-19
0	0
0	0
0	0
0	0
0	0
0	0
0	0
0	0
0	0
0	0
0	0
0	0
0	0
0	0
0	0
0	0
0	0
0	0
0	0
0	0
0	0
0	0
0	0
0	0
0	0
0	0
0	0
0	0
0	0
0	0
0	0
0	0
0	0
0	0
0	0
0	0
-58147e-12	-58147e-12
0	0
0	0
0	0
0	0
0	0
0	0
0	0
0	0
0	0
0	0
0	0
2036e-18	2036e-18
0	0
0	0
0	0
0	0
0	0
0	0
0	0
0	0
0	0
0	0
0	0
0	0
0	0
0.0116602	-0.0116602
0	0
0	0
0	0
0	0
0	0
0	0
0	0
0	0
0	0
0	0
-785765e-20	-785765e-20
0	0
0	0
-411033e-13	-411033e-13
0	0
764966e-20	764966e-20
0	0
0	0
0	0
0	0
0	0
0	0
0	0
0	0
0	0
0	0
0	0
0	0
0	0
0	0
0	0
0	0
0	0
971344e-13	-971344e-13
0	0
0	0
0	0
0	0
0	0
0	0
0	0
0	0
0	0
0	0
0	0
0	0
0	0
0.0503923	0.0503923
0	0
0	0
0	0
0	0
0	0
0	0
0	0
0	0
0	0
0	0
0	0
-0.0163743	-0.0163743
0	0
0	0
0	0
0	0
0	0
0	0
0	0
0	0
0	0
0	0
0.0142808	-0.0142808
0	0
0	0
-0.0192639	0.0192639
0	0
-0.010098	0.010098
0	0
0	0
0	0
0	0
0	0
0	0
0	0
0	0
-0.0231567	-0.0231567
0	0
0	0
0	0
0	0
-793099e-13	-793099e-13
0	0
0	0
0	0
-66834e-12	-66834e-12
0	0
0	0
0	0
0	0
0	0
0	0
0	0
0	0
0	0
0	0
0	0
0	0
0	0
-0.023149	0.023149
0	0
0	0
0	0
0	0
0	0
0	0
0	0
0	0
0	0
0	0
0.711138	0.711138
0	0
0	0
-0.950105	-0.950105
0	0
-0.50285	-0.50285
0	0
0	0
0	0
0	0
0	0
0	0
-116605e-13	-116605e-13
0	0
0	0
0.307611	0.307611
0	0
-585887e-13	-585887e-13
0	0
0	0
0	0
0	0
0	0
0	0
0	0
0	0
0.0272433	-0.0272433
0	0
0	0
0	0
0	0
-0.0503923	0.0503923
0	0
0	0
0	0
0	0
0	0
0	0
0	0
0	0
0.435027	0.435027
0	0
-116605e-13	-116605e-13
0	0
0	0
-503435e-13	-503435e-13
0	0
-135099e-19	-135099e-19
0	0
0	0
0	0
0	0
0	0
0	0
0	0
0	0
0	0
0	0
0	0
0	0
0	0
0.00812921	-0.00812921
0	0
0	0
0	0
0	0
0	0
0	0
0	0
0	0
0	0
0	0
117439e-14	117439e-14
0	0
0	0
0.299042	0.299042
0	0
-589775e-13	-589775e-13
0	0
0	0
0	0
0	0
0	0
0	0
315841e-20	315841e-20
0	0
0	0
348196e-13	348196e-13
0	0
-143934e-19	-143934e-19
0	0
0	0
0	0
0	0
0	0
0	0
0	0
0	0
0.00824496	-0.00824496
0	0
0	0
0	0
0	0
0.0163743	-0.0163743
0	0
0	0
0	0
0	0
0	0
0	0
0	0
0	0
-888651e-14	-888651e-14
0	0
268685e-19	268685e-19
0	0
0	0
-337061e-20	-337061e-20
0	0
0	0
0	0
0.0114965	0.0114965
0	0
0	0
0	0
0	0
0	0
0	0
0	0
0	0
0	0
0	0
0.0140803	-0.0140803
0	0
0	0
-0.0163688	0.0163688
0	0
-0.00995621	0.00995621
0	0
0	0
0	0
0	0
0	0
0	0
0	0
0	0
0.023149	0.023149
0	0
0	0
0	0
0	0
0.0272433	0.0272433
0	0
0	0
0	0
0	0
0	0
0	0
0.00812921	0.00812921
0	0
0	0
0	0
0	0
-0.00824496	-0.00824496
0	0
0	0
0	0
0	0
0	0
0	0
0	0
0	0
-0.0356327	0.0356327
0	0
0.0200543	-0.0200543
0	0
0	0
-0.028361	0.028361
0	0
0	0
0	0
0	0
0	0
0	0
0	0
0	0
0	0
0	0
-0.0116602	-0.0116602
0	0
0	0
0	0
-131207e-19	-131207e-19
0	0
0	0
-285359e-13	-285359e-13
0	0
-398222e-20	-398222e-20
0	0
0	0
0	0
0	0
0	0
0	0
0	0
0	0
0.0114965	-0.0114965
0	0
0	0
0	0
0	0
-793099e-13	793099e-13
0	0
0	0
0	0
0	0
0	0
0	0
0	0
0	0
0.422909	0.422909
0	0
117439e-14	117439e-14
0	0
0	0
-598079e-13	-598079e-13
0	0
0	0
0	0
0	0
0	0
0	0
888651e-14	888651e-14
0	0
-911956e-21	-911956e-21
0	0
0	0
-847676e-20	-847676e-20
0	0
0	0
0	0
0	0
0	0
0	0
0	0
0	0
0	0
0	0
0.0231567	-0.0231567
0	0
0	0
0	0
0	0
0	0
0	0
0	0
0	0
0	0
0	0
0	0
0	0
0	0
342758e-20	342758e-20
0	0
0	0
0	0
0	0
0	0
0	0
0	0
0	0
0	0
0	0
0	0
0	0
0	0
0	0
0	0
0	0
0	0
0	0
0	0
0	0
0	0
0	0
0	0
0	0
0	0
0	0
0	0
0	0
0	0
0	0
0	0
0	0
0	0
0	0
0	0
0	0
0	0
0	0
0	0
0	0
0	0
0	0
0	0
0	0
0	0
0	0
0	0
0	0
-962362e-20	962362e-20
0	0
0	0
0	0
0	0
0	0
0	0
0	0
0	0
0	0
0	0
0	0
0	0
0	0
342758e-20	342758e-20
0	0
0	0
0	0
0	0
0	0
0	0
0	0
0	0
0	0
0	0
0	0
0	0
0	0
0	0
0	0
0	0
0	0
0	0
0	0
0	0
0	0
0	0
0	0
0	0
0	0
0	0
0	0
0	0
0	0
0	0
0	0
0	0
0	0
616579e-13	616579e-13
0	0
0	0
0	0
0	0
0	0
0	0
0	0
0	0
0	0
0	0
0	0
412814e-20	412814e-20
0	0
0	0
0	0
0	0
0	0
0	0
0	0
0	0
0	0
0	0
0	0
0	0
0	0
0.028361	-0.028361
0	0
0	0
0	0
0	0
0	0
0	0
0	0
0	0
0	0
0	0
-419792e-20	-419792e-20
0	0
0	0
422906e-13	422906e-13
0	0
-103819e-19	-103819e-19
0	0
0	0
0	0
0	0
0	0
0	0
0	0
0	0
0	0
0	0
0	0
0	0
0	0
0	0
0	0
0	0
0	0
605338e-13	-605338e-13
0	0
0	0
0	0
0	0
0	0
0	0
0	0
0	0
0	0
0	0
0	0
0	0
0	0
0.7325	0.7325
0	0
0	0
0	0
0	0
0	0
0	0
0	0
0	0
0	0
0	0
0	0
117439e-14	117439e-14
0	0
0	0
0	0
0	0
0	0
0	0
0	0
0	0
0	0
0	0
871933e-13	-871933e-13
0	0
0	0
0.532797	-0.532797
0	0
-188511e-13	188511e-13
0	0
0	0
0	0
0	0
0	0
0	0
0	0
0	0
598079e-13	598079e-13
0	0
0	0
0	0
0	0
-58147e-12	-58147e-12
0	0
0	0
0	0
0	0
0	0
0	0
0	0
0	0
0	0
0	0
0	0
0	0
0	0
0	0
0	0
-487721e-20	487721e-20
0	0
0	0
0	0
0	0
0	0
0	0
0	0
0	0
0	0
0	0
0	0
0	0
0	0
-153919e-13	-153919e-13
0	0
0	0
0	0
0	0
0	0
0	0
0	0
0	0
0	0
0	0
0	0
911956e-21	911956e-21
0	0
0	0
0	0
0	0
0	0
0	0
0	0
0	0
0	0
0	0
-936889e-20	936889e-20
0	0
0	0
-824523e-14	824523e-14
0	0
329071e-19	-329071e-19
0	0
0	0
0	0
0	0
0	0
0	0
0	0
0	0
-847676e-20	-847676e-20
0	0
0	0
0	0
0	0
2036e-18	2036e-18
0	0
0	0
0	0
-160695e-19	-160695e-19
0	0
0	0
0	0
0	0
0	0
0	0
0	0
0	0
0	0
0	0
0	0
0	0
0	0
-0.0140803	0.0140803
0	0
0	0
0	0
0	0
0	0
0	0
0	0
0	0
0	0
0	0
818545e-13	818545e-13
0	0
0	0
0.50285	0.50285
0	0
-142812e-13	-142812e-13
0	0
0	0
0	0
0	0
0	0
0	0
-165461e-19	-165461e-19
0	0
0	0
-830421e-15	-830421e-15
0	0
-386825e-20	-386825e-20
0	0
0	0
0	0
0	0
0	0
0	0
0	0
0	0
-971344e-13	971344e-13
0	0
0	0
0	0
0	0
0.0142808	-0.0142808
0	0
0	0
0	0
0	0
0	0
0	0
0	0
0	0
411162e-13	411162e-13
0	0
-249358e-20	-249358e-20
0	0
0	0
-962362e-20	-962362e-20
0	0
0	0
0	0
-131207e-19	-131207e-19
0	0
0	0
0	0
0	0
0	0
0	0
0	0
0	0
0	0
0	0
160695e-19	-160695e-19
0	0
0	0
472587e-13	-472587e-13
0	0
-165461e-19	165461e-19
0	0
0	0
0	0
0	0
0	0
0	0
0	0
0	0
494256e-13	494256e-13
0	0
0	0
0	0
0	0
-71193e-12	-71193e-12
0	0
0	0
0	0
0	0
0	0
0	0
398222e-20	398222e-20
0	0
0	0
0	0
0	0
-764966e-20	-764966e-20
0	0
0	0
0	0
0	0
0	0
0	0
0	0
0	0
355982e-13	-355982e-13
0	0
412814e-20	-412814e-20
0	0
0	0
419792e-20	-419792e-20
0	0
0	0
0	0
0	0
0	0
0	0
0	0
0	0
0	0
0	0
-785765e-20	-785765e-20
0	0
0	0
